       ai    CAR
      G149 GCYM 0911280808 11000220 3673.360    779.0     0.0
      G149 GCYM 0911280855 11019620 3668.957    779.0     0.0
      G149 GCYM 0911280941 11002521 3684.647    782.0     1.0
      G149 GCYM 0911281008 11019120 3679.477    782.0     0.0
      G149 GCYM 0911281041 11002420 3673.149    781.0     1.0
      G149 GCYM 0911281115 11002320 3679.680    779.0     3.0
      G149 GCYM 0911281149 11018920 3630.898    763.0     2.0
      G149 GCYM 0911281221 11018621 3634.010    758.0     0.0
44444
      G149 GCYM 0911281314 11018621 3634.028    758.0     0.0
      G149 GCYM 0911281407 11003420 3570.178    730.0     2.0
      G149 GCYM 0911281502 11003320 3551.245    720.0     0.0
      G149 GCYM 0911281547 11003221 3573.461    738.0     0.0
      G149 GCYM 0911281623 11003020 3551.775    740.0     0.0
      G149 GCYM 0911281714 11002800 3606.500    757.0     2.0
      G149 GCYM 0911281751 11019620 3668.955    774.0     4.0
      G149 GCYM 0911281937 11000220 3673.303    776.0     4.0
55555
      G149 GCYM 0911300807 11000220 3673.387    774.0     2.0
      G149 GCYM 0911300901 11019620 3668.980    773.0     2.0
      G149 GCYM 0911300924 11002800 3606.497    757.0     4.0
      G149 GCYM 0911301010 11003020 3551.756    740.0    -1.0
      G149 GCYM 0911301043 11003221 3573.417    737.0     0.0
      G149 GCYM 0911301113 11003320 3551.190    719.0     1.0
      G149 GCYM 0911301201 11003420 3570.140    727.0     3.0
      G149 GCYM 0911301233 11018621 3634.018    754.0     4.0
      G149 GCYM 0911301406 11018920 3630.941    759.0     7.0
      G149 GCYM 0911301436 11002320 3679.748    772.0     6.0
      G149 GCYM 0911301516 11002420 3673.210    772.0     8.0
      G149 GCYM 0911301546 11019120 3679.534    772.0     8.0
      G149 GCYM 0911301614 11002521 3684.720    773.0     8.0
      G149 GCYM 0911301703 11019620 3669.017    770.0     8.0
      G149 GCYM 0911301810 11000220 3673.378    772.0     6.0
55555
      G149 GCYM 0912020810 11000220 3673.508    774.0     3.0
      G149 GCYM 0912020850 11003902 3668.573    770.0     5.0
      G149 GCYM 0912020856 11013902 3668.627    770.0     5.0
      G149 GCYM 0912020900 11003902 3668.571    770.0     5.0
      G149 GCYM 0912020948 11004120 3677.805    774.0     6.0
      G149 GCYM 0912021016 11014121 3650.377    762.0    10.0
      G149 GCYM 0912021034 11004120 3677.800    774.0     7.0
      G149 GCYM 0912021050 11003820 3675.737    773.0     6.0
      G149 GCYM 0912021123 11019720 3652.851    773.0     6.0
      G149 GCYM 0912021202 11019620 3669.058    773.0     6.0
      G149 GCYM 0912021233 11019720 3652.857    772.0     6.0
66666
      G149 GCYM 0912021403 11003820 3675.794    772.0     6.0
44444      
      G149 GCYM 0912021425 11003820 3675.793    772.0     6.0
      G149 GCYM 0912021457 11019720 3652.925    772.0     7.0
      G149 GCYM 0912021534 11003820 3675.811    772.0     7.0
      G149 GCYM 0912021557 11004120 3677.861    772.0     7.0
      G149 GCYM 0912021648 11003902 3668.598    769.0     7.0
      G149 GCYM 0912021746 11000220 3673.510    775.0     7.0
55555
      G149 GCYM 0912030810 11000220 3673.555    776.0     0.0
      G149 GCYM 0912030844 11004021 3671.950    774.0     1.0
      G149 GCYM 0912030934 11010420 3651.005    771.0     1.0
      G149 GCYM 0912031000 11010320 3658.615    777.0     3.0
      G149 GCYM 0912031100 11010922 3649.527    777.0     3.0
      G149 GCYM 0912031152 13008320 3636.157    777.0     3.0
66666
      G149 GCYM 0912031225 13008220 3638.185    777.0     3.0
      G149 GCYM 0912031352 13015020 3611.400    776.0     3.0
      G149 GCYM 0912031426 13013520 3620.335    775.0     5.0
      G149 GCYM 0912031500 13015020 3611.408    774.0     6.0
      G149 GCYM 0912031553 13008220 3638.237    774.0     5.0
      G149 GCYM 0912031623 13008120 3636.623    772.0     4.0
      G149 GCYM 0912031707 13008025 3607.549    772.0     4.0
      G149 GCYM 0912031728 13008022 3609.880    772.0     5.0
      G149 GCYM 0912031755 13008025 3607.555    770.0     3.0
55555
      G149 GCYM 0912040828 13008025 3607.550    762.0     1.0
      G149 GCYM 0912040943 13060220 3545.096    751.0     0.0
      G149 GCYM 0912041013 13060320 3473.065    729.0     0.0
      G149 GCYM 0912041133 13072000 3401.690    712.0     0.0
      G149 GCYM 0912041309 14023400 3392.285    700.0    -3.0
      G149 GCYM 0912041505 14034100 3395.615    712.0    -3.0
      G149 GCYM 0912041603 14023400 3392.296    701.0    -4.0
      G149 GCYM 0912041646 13072000 3401.708    713.0    -4.0
      G149 GCYM 0912041739 13060320 3473.078    730.0    -3.0
      G149 GCYM 0912041808 13060220 3545.089    761.0    -1.0
      G149 GCYM 0912041857 13008025 3607.542    773.0     0.0
55555
      G149 GCYM 0912050849 13008025 3607.542    759.0    -5.0
      G149 GCYM 0912050931 13008120 3636.644    757.0    -3.0
      G149 GCYM 0912050953 13008220 3638.248    757.0    -1.0
66666
      G149 GCYM 0912051024 13008320 3636.218    757.0    -1.0
      G149 GCYM 0912051057 13008220 3638.220    757.0     1.0
      G149 GCYM 0912051125 13008320 3636.211    754.0     0.0
      G149 GCYM 0912051158 13008420 3637.220    756.0     2.0
      G149 GCYM 0912051224 13008520 3632.745    756.0     2.0
      G149 GCYM 0912051258 13008420 3637.219    754.0     3.0
      G149 GCYM 0912051318 13008320 3636.195    754.0     3.0
      G149 GCYM 0912051446 11010922 3649.563    754.0     4.0
      G149 GCYM 0912051530 11010320 3658.628    753.0     4.0
      G149 GCYM 0912051555 11010420 3651.010    748.0     3.0
      G149 GCYM 0912051637 11004021 3671.956    751.0     3.0
      G149 GCYM 0912051714 11000220 3673.568    753.0     3.0
55555
      G149 GCYM 0912080811 11000220 3673.557    759.0     1.0
      G149 GCYM 0912081034 13064422 3535.217    697.5    -2.0
      G149 GCYM 0912081130 13072100 3487.861    687.0    -1.0
      G149 GCYM 0912081357 13072201 3499.932    685.5     4.0
66666
      G149 GCYM 0912081423 13072200 3498.187    685.5     4.0
66666
      G149 GCYM 0912081431 13072201 3499.930    685.5     4.0
      G149 GCYM 0912081447 13072200 3498.158    685.5     4.0
      G149 GCYM 0912081458 13072201 3499.940    685.5     4.0
66666
      G149 GCYM 0912081650 13072301 3476.217    673.5     1.0
      G149 GCYM 0912081721 13072300 3467.618    673.5     1.0
66666
      G149 GCYM 0912081744 13072301 3476.229    673.5     1.0
      G149 GCYM 0912081901 13090000 3461.298    669.0    -8.0
      G149 GCYM 0912082005 13090100 3568.578    702.0    -7.0
55555
      G149 GCYM 0912090830 13090100 3568.589    703.5   -13.0
      G149 GCYM 0912090905 13090200 3534.545    685.5   -11.0
      G149 GCYM 0912091002 13090300 3570.188    690.0   -13.0
      G149 GCYM 0912091056 13090200 3534.580    681.0    -3.0
      G149 GCYM 0912091127 13090100 3568.642    699.0    -4.0
      G149 GCYM 0912091217 13090000 3461.390    663.0    -1.0
      G149 GCYM 0912091405 13072301 3476.297    672.0     1.0
      G149 GCYM 0912091426 13072300 3467.697    670.0     1.0
      G149 GCYM 0912091441 13072301 3476.290    672.0     1.0
66666
      G149 GCYM 0912091543 13072201 3499.898    678.0     1.0
      G149 GCYM 0912091703 13072301 3476.220    670.5    -3.0
      G149 GCYM 0912091819 13072201 3499.859    678.0    -3.0
55555
      G149 GCYM 0912100852 13072201 3499.910    682.5    -3.0
      G149 GCYM 0912101000 13072100 3487.851    678.0    -6.0
      G149 GCYM 0912101106 13072201 3499.957    682.5    -5.0
      G149 GCYM 0912101200 13072100 3487.878    676.5    -3.0
      G149 GCYM 0912101243 13064422 3535.221    694.5    -1.0
      G149 GCYM 0912101319 13064524 3545.502    699.0    -1.0
      G149 GCYM 0912101415 13064620 3527.118    690.0    -1.0
      G149 GCYM 0912101435 13072500 3523.440    690.0    -1.0
      G149 GCYM 0912101447 13064620 3527.117    690.0    -1.0
      G149 GCYM 0912101525 13072400 3493.311    681.0    13.0
      G149 GCYM 0912101630 13072600 3452.088    658.5    -4.0
      G149 GCYM 0912101801 13072700 3409.513    633.0    -3.0
55555
      G149 GCYM 0912110852 13072701 3409.298    643.5   -12.0
      G149 GCYM 0912110942 13072800 3379.880    628.5   -14.0
      G149 GCYM 0912111010 13090400 3372.671    631.5   -14.0
      G149 GCYM 0912111105 15024600 3421.346    648.0    -8.0
      G149 GCYM 0912111152 13090400 3372.718    633.0   -11.0
      G149 GCYM 0912111215 13072800 3379.941    628.5   -11.0
      G149 GCYM 0912111305 13072701 3409.352    639.0    -9.0
      G149 GCYM 0912111446 13072700 3409.647    640.5    -8.0
      G149 GCYM 0912111457 13072701 3409.327    640.5    -8.0
      G149 GCYM 0912111511 13072700 3409.632    640.5    -8.0
      G149 GCYM 0912111558 13072600 3452.159    666.0    -8.0
      G149 GCYM 0912111703 13072400 3493.298    685.5    13.0
      G149 GCYM 0912111735 13064620 3527.063    699.0    -4.0
      G149 GCYM 0912111810 13064524 3545.413    708.0    -4.0
55555
      G149 GCYM 0912120833 13064524 3545.510    712.5   -12.0
      G149 GCYM 0912120908 13064422 3535.236    708.0   -12.0
      G149 GCYM 0912120958 13064720 3418.338    663.0    -9.0
      G149 GCYM 0912121038 13064820 3419.862    684.0   -12.0
      G149 GCYM 0912121128 13064920 3411.477    681.0    -9.0
      G149 GCYM 0912121150 14080120 3388.404    681.0    -7.0
      G149 GCYM 0912121255 14020201 3371.745    670.0    -5.0
      G149 GCYM 0912121300 14020201 3371.750    670.0    -5.0
      G149 GCYM 0912121303 14020201 3371.738    670.0    -5.0
      G149 GCYM 0912121316 14080220 3374.220    670.0    -5.0
      G149 GCYM 0912121441 14016600 3358.125    670.0    -3.0
      G149 GCYM 0912121534 14080320 3371.775    670.0    -2.0
      G149 GCYM 0912121728 14016600 3358.049    670.0    -2.0
      G149 GCYM 0912121816 14080220 3374.133    671.5    -6.0
      G149 GCYM 0912121828 14020201 3371.640    671.5    -6.0
55555
      G149 GCYM 0912130838 14020201 3371.742    673.5    -7.0
      G149 GCYM 0912130916 14080120 3388.400    682.5    -8.0
      G149 GCYM 0912130941 13064920 3411.478    679.5    -8.0
      G149 GCYM 0912131026 13064820 3419.873    684.0    -7.0
      G149 GCYM 0912131105 13064720 3418.350    661.5    -4.0
      G149 GCYM 0912131156 13064422 3535.260    703.5    -2.0
      G149 GCYM 0912131225 13064320 3542.850    709.5     0.0
      G149 GCYM 0912131316 13064422 3535.270    703.5    -1.0
      G149 GCYM 0912131556 11000220 3673.688    756.0     7.0
55555
      G149 GCYM 0912160801 11000220 3673.788    763.9    -3.0
      G149 GCYM 0912160925 11019720 3653.158    760.9    -6.0
      G149 GCYM 0912161005 11020220 3547.746    705.3    -5.0
      G149 GCYM 0912161041 13062320 3506.845    697.9    -6.0
      G149 GCYM 0912161115 13062420 3534.112    723.3    -6.0
      G149 GCYM 0912161202 13062520 3531.983    718.8    -5.0
      G149 GCYM 0912161309 13062620 3519.277    718.8    -4.0
      G149 GCYM 0912161333 13062720 3489.639    702.3    -5.0
      G149 GCYM 0912161358 13062820 3406.380    672.2    -7.0
      G149 GCYM 0912161428 13062920 3461.448    694.7    -6.0
      G149 GCYM 0912161511 13064320 3542.969    715.8    -4.0
      G149 GCYM 0912161557 13064220 3542.727    717.3    -3.0
      G149 GCYM 0912161632 13064120 3534.298    718.8    -4.0
      G149 GCYM 0912161714 11003020 3552.168    720.3    -5.0
55555
      G149 GCYM 0912170805 11003020 3552.193    727.8   -12.0
      G149 GCYM 0912170858 13064120 3534.305    723.3   -11.0
      G149 GCYM 0912170939 13064220 3542.746    718.8   -12.0
      G149 GCYM 0912171013 13064320 3542.975    718.8   -11.0
      G149 GCYM 0912171051 13062920 3461.454    696.2   -11.0
      G149 GCYM 0912171118 13062820 3406.371    672.2   -13.0
      G149 GCYM 0912171141 13062720 3489.652    700.8   -11.0
      G149 GCYM 0912171158 13062620 3519.302    717.3    -9.0
      G149 GCYM 0912171303 13062520 3532.002    718.8    -9.0
      G149 GCYM 0912171347 13062420 3534.127    720.3    -8.0
      G149 GCYM 0912171424 13062320 3506.875    694.7   -10.0
      G149 GCYM 0912171500 11020220 3547.786    708.3    -9.0
      G149 GCYM 0912171541 11019720 3653.180    760.9    -4.0
      G149 GCYM 0912171637 11000220 3673.815    760.9    -3.0
55555
      G149 GCYM 0912180803 11000220 3673.838    766.9    -5.0
      G149 GCYM 0912180914 11010122 3677.580    766.9    -5.0
      G149 GCYM 0912180957 11010220 3680.787    768.4    -3.0
      G149 GCYM 0912181032 11010520 3652.234    769.9    -3.0
      G149 GCYM 0912181058 13008520 3633.026    769.9    -3.0
      G149 GCYM 0912181128 13060720 3631.065    769.9    -3.0
      G149 GCYM 0912181158 13060620 3637.985    769.9    -3.0
      G149 GCYM 0912181325 13060525 3631.508    771.4    -3.0
      G149 GCYM 0912181356 12021420 3621.320    769.9    -3.0
      G149 GCYM 0912181415 12000522 3612.445    769.9    -3.0
      G149 GCYM 0912181431 12021420 3621.327    769.9    -2.0
      G149 GCYM 0912181452 13060525 3631.528    769.9    -2.0
      G149 GCYM 0912181522 13060620 3637.997    768.4    -1.0
      G149 GCYM 0912181543 13060720 3631.080    768.4    -1.0
      G149 GCYM 0912181610 13008520 3633.039    768.4    -2.0
      G149 GCYM 0912181646 13008622 3631.960    769.9    -2.0
      G149 GCYM 0912181716 13008721 3599.903    769.9    -2.0
55555
      G149 GCYM 0912190841 13008721 3599.907    774.4    -8.0
      G149 GCYM 0912190928 13013520 3620.666    769.9    -7.0
      G149 GCYM 0912191016 13008721 3599.911    769.9    -4.0
      G149 GCYM 0912191108 13008622 3631.964    769.9    -4.0
      G149 GCYM 0912191136 13008520 3633.063    766.9    -3.0
      G149 GCYM 0912191211 11010520 3652.267    765.4    -2.0
      G149 GCYM 0912191247 11010220 3680.793    763.9    -1.0
      G149 GCYM 0912191330 11010122 3677.570    763.9     1.0
      G149 GCYM 0912191418 11000220 3673.836    762.4    -1.0
55555
      G149 GCYM 0912220840 11000220 3673.862    754.9     1.0
      G149 GCYM 0912220957 11001020 3689.087    754.9    -2.0
      G149 GCYM 0912221053 11017520 3687.371    756.4     1.0
      G149 GCYM 0912221116 13060420 3660.164    756.4     1.0
      G149 GCYM 0912221136 12017622 3635.597    756.4     2.0
      G149 GCYM 0912221142 12017621 3635.565    765.4     2.0
      G149 GCYM 0912221147 12017622 3635.592    756.4     2.0
      G149 GCYM 0912221206 12017625 3634.618    756.4     2.0
      G149 GCYM 0912221211 12017622 3635.588    756.4     2.0
      G149 GCYM 0912221316 12000522 3612.508    757.9     6.0
      G149 GCYM 0912221326 12000525 3612.185    756.4     6.0
      G149 GCYM 0912221334 12000522 3612.506    756.4     6.0
      G149 GCYM 0912221343 12000521 3611.878    756.4     6.0
      G149 GCYM 0912221350 12000522 3612.501    756.4     6.0
      G149 GCYM 0912221425 12013022 3612.348    756.4     7.0
      G149 GCYM 0912221438 12013025 3610.910    754.9     7.0
      G149 GCYM 0912221450 12013022 3612.347    756.4     7.0
      G149 GCYM 0912221533 12012820 3630.458    756.4     6.0
      G149 GCYM 0912221639 12012721 3620.510    756.4     4.0
      G149 GCYM 0912221701 12012720 3620.822    756.4     3.0
      G149 GCYM 0912221721 12012721 3620.510    756.4     3.0
      G149 GCYM 0912221805 13008820 3604.383    757.9     2.0
      G149 GCYM 0912221903 13008721 3599.923    756.4     2.0
55555
      G149 GCYM 0912230822 13008721 3599.961    765.4    -5.0
      G149 GCYM 0912230915 13008820 3604.450    763.9    -2.0
      G149 GCYM 0912231001 12012721 3620.591    760.9     1.0
      G149 GCYM 0912231049 12012820 3630.530    760.9     4.0
      G149 GCYM 0912231135 12013022 3612.426    760.9     4.0
      G149 GCYM 0912231205 12000522 3612.572    760.9     3.0
      G149 GCYM 0912231219 12017622 3635.626    760.9     3.0
      G149 GCYM 0912231238 13060420 3660.196    760.9     3.0
      G149 GCYM 0912231332 11017520 3687.405    760.9     4.0
      G149 GCYM 0912231421 11001020 3689.118    759.4     4.0
      G149 GCYM 0912231506 11002420 3673.646    756.4     4.0
      G149 GCYM 0912231555 11001020 3689.083    757.9     4.0
      G149 GCYM 0912231814 11000220 3673.876    754.9     4.0
99999
