       ai    CAR
      G853 GCYM 0911280808 11000220 3671.017    779.0     0.0
      G853 GCYM 0911280853 11019620 3666.548    779.0     0.0
      G853 GCYM 0911280940 11002521 3682.487    782.0     1.0
      G853 GCYM 0911281007 11019120 3677.237    782.0     0.0
      G853 GCYM 0911281040 11002420 3670.798    781.0     1.0
      G853 GCYM 0911281114 11002320 3677.428    779.0     3.0
      G853 GCYM 0911281148 11018920 3627.892    763.0     2.0
      G853 GCYM 0911281222 11018621 3631.094    758.0     0.0
44444
      G853 GCYM 0911281316 11018621 3631.114    758.0     0.0
      G853 GCYM 0911281357 11003420 3566.295    730.0     2.0
      G853 GCYM 0911281501 11003320 3547.064    720.0     0.0
      G853 GCYM 0911281546 11003221 3569.634    738.0     0.0
      G853 GCYM 0911281621 11003020 3547.640    740.0     0.0
      G853 GCYM 0911281712 11002800 3603.165    757.0     2.0
      G853 GCYM 0911281741 11019620 3666.573    774.0     4.0
      G853 GCYM 0911281937 11000220 3670.960    776.0     4.0
55555
      G853 GCYM 0911300806 11000220 3671.060    774.0     2.0
      G853 GCYM 0911300902 11019620 3666.583    773.0     2.0
      G853 GCYM 0911300925 11002800 3603.175    757.0     4.0
      G853 GCYM 0911301009 11003020 3547.610    740.0    -1.0
      G853 GCYM 0911301041 11003221 3569.587    737.0     0.0
      G853 GCYM 0911301113 11003320 3547.023    719.0     1.0
      G853 GCYM 0911301150 11003420 3566.270    727.0     3.0
      G853 GCYM 0911301233 11018621 3631.112    754.0     4.0
      G853 GCYM 0911301406 11018920 3627.968    759.0     7.0
      G853 GCYM 0911301438 11002320 3677.510    772.0     6.0
      G853 GCYM 0911301515 11002420 3670.893    772.0     8.0
      G853 GCYM 0911301551 11019120 3677.315    772.0     8.0
      G853 GCYM 0911301614 11002521 3682.580    773.0     8.0
      G853 GCYM 0911301703 11019620 3666.610    770.0     8.0
      G853 GCYM 0911301812 11000220 3671.035    772.0     6.0
55555
      G853 GCYM 0912020811 11000220 3671.032    774.0     3.0
      G853 GCYM 0912020849 11003902 3666.018    770.0     5.0
      G853 GCYM 0912020855 11013902 3666.067    770.0     5.0
      G853 GCYM 0912020900 11003902 3666.010    770.0     5.0
      G853 GCYM 0912020956 11004120 3675.417    774.0     6.0
      G853 GCYM 0912021015 11014121 3647.557    762.0    10.0
      G853 GCYM 0912021033 11004120 3675.413    774.0     7.0
      G853 GCYM 0912021050 11003820 3673.304    773.0     6.0
      G853 GCYM 0912021125 11019720 3650.067    773.0     6.0
      G853 GCYM 0912021155 11019620 3666.540    773.0     6.0
      G853 GCYM 0912021233 11019720 3650.080    772.0     6.0
      G853 GCYM 0912021405 11003820 3673.324    772.0     6.0
      G853 GCYM 0912021457 11019720 3650.125    772.0     7.0
66666
      G853 GCYM 0912021531 11003820 3673.397    772.0     7.0
      G853 GCYM 0912021550 11004120 3675.495    772.0     7.0
      G853 GCYM 0912021651 11003902 3666.078    769.0     7.0
      G853 GCYM 0912021746 11000220 3671.050    775.0     7.0
55555
      G853 GCYM 0912030809 11000220 3671.075    776.0     0.0
      G853 GCYM 0912030843 11004021 3669.446    774.0     1.0
      G853 GCYM 0912030933 11010420 3648.217    771.0     1.0
      G853 GCYM 0912030958 11010320 3655.930    777.0     3.0
      G853 GCYM 0912031100 11010922 3646.710    777.0     3.0
      G853 GCYM 0912031152 13008320 3633.136    777.0     3.0
      G853 GCYM 0912031222 13008220 3635.165    777.0     3.0
      G853 GCYM 0912031350 13015020 3607.984    776.0     3.0
      G853 GCYM 0912031424 13013520 3617.075    775.0     5.0
      G853 GCYM 0912031458 13015020 3608.010    774.0     6.0
      G853 GCYM 0912031555 13008220 3635.220    774.0     5.0
      G853 GCYM 0912031619 13008120 3633.586    772.0     4.0
      G853 GCYM 0912031701 13008025 3604.067    772.0     4.0
      G853 GCYM 0912031726 13008022 3606.457    772.0     5.0
      G853 GCYM 0912031751 13008025 3604.080    770.0     3.0
55555
      G853 GCYM 0912040830 13008025 3604.075    762.0     1.0
      G853 GCYM 0912040939 13060220 3540.677    751.0     0.0
      G853 GCYM 0912041006 13060320 3467.605    729.0     0.0
      G853 GCYM 0912041134 13072000 3395.155    712.0     0.0
      G853 GCYM 0912041308 14023400 3385.608    700.0    -3.0
      G853 GCYM 0912041502 14034100 3388.997    712.0    -3.0
      G853 GCYM 0912041601 14023400 3385.630    701.0    -4.0
      G853 GCYM 0912041646 13072000 3395.184    713.0    -4.0
      G853 GCYM 0912041737 13060320 3467.620    730.0    -3.0
      G853 GCYM 0912041807 13060220 3540.677    761.0    -1.0
      G853 GCYM 0912041855 13008025 3604.060    773.0     0.0
55555
      G853 GCYM 0912050850 13008025 3604.045    759.0    -5.0
      G853 GCYM 0912050930 13008120 3633.584    757.0    -3.0
      G853 GCYM 0912050952 13008220 3635.225    757.0    -1.0
66666
      G853 GCYM 0912051023 13008320 3633.210    757.0    -1.0
      G853 GCYM 0912051058 13008220 3635.235    757.0     1.0
      G853 GCYM 0912051125 13008320 3633.198    754.0     0.0
      G853 GCYM 0912051157 13008420 3634.200    756.0     2.0
      G853 GCYM 0912051223 13008520 3629.667    756.0     2.0
      G853 GCYM 0912051258 13008420 3634.193    754.0     3.0
      G853 GCYM 0912051316 13008320 3633.157    754.0     3.0
      G853 GCYM 0912051444 11010922 3646.715    754.0     4.0
      G853 GCYM 0912051525 11010320 3655.926    753.0     4.0
      G853 GCYM 0912051556 11010420 3648.215    748.0     3.0
      G853 GCYM 0912051635 11004021 3669.447    751.0     3.0
      G853 GCYM 0912051712 11000220 3671.066    753.0     3.0
55555
      G853 GCYM 0912080810 11000220 3670.958    759.0     1.0
      G853 GCYM 0912081026 13064422 3530.544    697.5    -2.0
      G853 GCYM 0912081134 13072100 3482.515    687.0    -1.0
      G853 GCYM 0912081358 13072201 3494.783    685.5     4.0
      G853 GCYM 0912081408 13072200 3492.950    685.5     4.0
      G853 GCYM 0912081430 13072201 3494.773    685.5     4.0
      G853 GCYM 0912081446 13072200 3492.950    685.5     4.0
      G853 GCYM 0912081500 13072201 3494.760    685.5     4.0
      G853 GCYM 0912081651 13072301 3470.675    673.5     1.0
      G853 GCYM 0912081712 13072300 3462.005    673.5     1.0
      G853 GCYM 0912081744 13072301 3470.686    673.5     1.0
      G853 GCYM 0912081901 13090000 3455.560    669.0    -8.0
      G853 GCYM 0912082003 13090100 3564.436    702.0    -7.0
55555
      G853 GCYM 0912090831 13090100 3564.417    703.5   -13.0
      G853 GCYM 0912090906 13090200 3529.860    685.5   -11.0
      G853 GCYM 0912091002 13090300 3566.036    690.0   -13.0
      G853 GCYM 0912091055 13090200 3529.893    681.0    -3.0
      G853 GCYM 0912091127 13090100 3564.494    699.0    -4.0
      G853 GCYM 0912091216 13090000 3455.640    663.0    -1.0
      G853 GCYM 0912091406 13072301 3470.750    672.0     1.0
      G853 GCYM 0912091427 13072300 3462.067    670.0     1.0
      G853 GCYM 0912091446 13072301 3470.735    672.0     1.0
      G853 GCYM 0912091541 13072201 3494.765    678.0     1.0
      G853 GCYM 0912091705 13072301 3470.680    670.5    -3.0
      G853 GCYM 0912091819 13072201 3494.690    678.0    -3.0
55555
      G853 GCYM 0912100851 13072201 3494.680    682.5    -3.0
66666
      G853 GCYM 0912101000 13072100 3482.477    678.0    -6.0
      G853 GCYM 0912101105 13072201 3494.765    682.5    -5.0
      G853 GCYM 0912101158 13072100 3482.516    676.5    -3.0
      G853 GCYM 0912101244 13064422 3530.572    694.5    -1.0
      G853 GCYM 0912101318 13064524 3541.007    699.0    -1.0
      G853 GCYM 0912101411 13064620 3522.334    690.0    -1.0
      G853 GCYM 0912101436 13072500 3518.617    690.0    -1.0
      G853 GCYM 0912101446 13064620 3522.325    690.0    -1.0
      G853 GCYM 0912101525 13072400 3487.998    681.0    13.0
      G853 GCYM 0912101630 13072600 3446.180    658.5    -4.0
      G853 GCYM 0912101801 13072700 3402.976    633.0    -3.0
55555
      G853 GCYM 0912110852 13072701 3402.670    643.5   -12.0
      G853 GCYM 0912110941 13072800 3372.843    628.5   -14.0
      G853 GCYM 0912111011 13090400 3365.530    631.5   -14.0
      G853 GCYM 0912111100 15024600 3414.893    648.0    -8.0
      G853 GCYM 0912111138 13090400 3365.558    633.0   -11.0
      G853 GCYM 0912111225 13072800 3372.875    628.5   -11.0
      G853 GCYM 0912111257 13072701 3402.732    639.0    -9.0
      G853 GCYM 0912111447 13072700 3403.030    640.5    -8.0
      G853 GCYM 0912111458 13072701 3402.712    640.5    -8.0
      G853 GCYM 0912111508 13072700 3403.027    640.5    -8.0
      G853 GCYM 0912111557 13072600 3446.160    666.0    -8.0
      G853 GCYM 0912111655 13072400 3487.928    685.5    13.0
      G853 GCYM 0912111742 13064620 3522.192    699.0    -4.0
      G853 GCYM 0912111812 13064524 3540.818    708.0    -4.0
55555
      G853 GCYM 0912120833 13064524 3540.830    712.5   -12.0
      G853 GCYM 0912120908 13064422 3530.406    708.0   -12.0
      G853 GCYM 0912120958 13064720 3411.765    663.0    -9.0
      G853 GCYM 0912121039 13064820 3413.336    684.0   -12.0
      G853 GCYM 0912121126 13064920 3404.820    681.0    -9.0
      G853 GCYM 0912121156 14080120 3381.432    681.0    -7.0
      G853 GCYM 0912121253 14020201 3364.505    670.0    -5.0
      G853 GCYM 0912121258 14020201 3364.518    670.0    -5.0
      G853 GCYM 0912121305 14020201 3364.512    670.0    -5.0
      G853 GCYM 0912121316 14080220 3367.045    670.0    -5.0
      G853 GCYM 0912121443 14016600 3350.686    670.0    -3.0
      G853 GCYM 0912121539 14080320 3364.536    670.0    -2.0
      G853 GCYM 0912121730 14016600 3350.613    670.0    -2.0
      G853 GCYM 0912121817 14080220 3366.932    671.5    -6.0
      G853 GCYM 0912121828 14020201 3364.410    671.5    -6.0
55555
      G853 GCYM 0912130839 14020201 3364.448    673.5    -7.0
      G853 GCYM 0912130917 14080120 3381.360    682.5    -8.0
      G853 GCYM 0912130947 13064920 3404.770    679.5    -8.0
      G853 GCYM 0912131033 13064820 3413.307    684.0    -7.0
      G853 GCYM 0912131102 13064720 3411.765    661.5    -4.0
      G853 GCYM 0912131157 13064422 3530.406    703.5    -2.0
      G853 GCYM 0912131224 13064320 3538.095    709.5     0.0
      G853 GCYM 0912131316 13064422 3530.412    703.5    -1.0
      G853 GCYM 0912131557 11000220 3670.872    756.0     7.0
55555
      G853 GCYM 0912160801 11000220 3670.803    763.9    -3.0
      G853 GCYM 0912160924 11019720 3649.875    760.9    -6.0
      G853 GCYM 0912161003 11020220 3542.920    705.3    -5.0
      G853 GCYM 0912161041 13062320 3501.400    697.9    -6.0
      G853 GCYM 0912161115 13062420 3529.074    723.3    -6.0
      G853 GCYM 0912161201 13062520 3526.900    718.8    -5.0
      G853 GCYM 0912161308 13062620 3514.024    718.8    -4.0
      G853 GCYM 0912161332 13062720 3483.945    702.3    -5.0
      G853 GCYM 0912161358 13062820 3399.440    672.2    -7.0
      G853 GCYM 0912161427 13062920 3455.328    694.7    -6.0
      G853 GCYM 0912161510 13064320 3538.048    715.8    -4.0
      G853 GCYM 0912161558 13064220 3537.808    717.3    -3.0
      G853 GCYM 0912161630 13064120 3529.257    718.8    -4.0
      G853 GCYM 0912161712 11003020 3547.385    720.3    -5.0
55555
      G853 GCYM 0912170805 11003020 3547.340    727.8   -12.0
      G853 GCYM 0912170858 13064120 3529.216    723.3   -11.0
      G853 GCYM 0912170938 13064220 3537.776    718.8   -12.0
      G853 GCYM 0912171013 13064320 3538.027    718.8   -11.0
      G853 GCYM 0912171051 13062920 3455.316    696.2   -11.0
      G853 GCYM 0912171118 13062820 3399.420    672.2   -13.0
      G853 GCYM 0912171141 13062720 3483.926    700.8   -11.0
      G853 GCYM 0912171158 13062620 3514.020    717.3    -9.0
      G853 GCYM 0912171302 13062520 3526.900    718.8    -9.0
      G853 GCYM 0912171346 13062420 3529.088    720.3    -8.0
      G853 GCYM 0912171424 13062320 3501.428    694.7   -10.0
      G853 GCYM 0912171458 11020220 3542.943    708.3    -9.0
      G853 GCYM 0912171538 11019720 3649.916    760.9    -4.0
      G853 GCYM 0912171637 11000220 3670.846    760.9    -3.0
55555
      G853 GCYM 0912180802 11000220 3670.865    766.9    -5.0
      G853 GCYM 0912180913 11010122 3674.690    766.9    -5.0
      G853 GCYM 0912180957 11010220 3677.933    768.4    -3.0
      G853 GCYM 0912181032 11010520 3648.945    769.9    -3.0
      G853 GCYM 0912181058 13008520 3629.455    769.9    -3.0
      G853 GCYM 0912181127 13060720 3627.450    769.9    -3.0
      G853 GCYM 0912181158 13060620 3634.475    769.9    -3.0
      G853 GCYM 0912181325 13060525 3627.930    771.4    -3.0
      G853 GCYM 0912181356 12021420 3617.590    769.9    -3.0
      G853 GCYM 0912181415 12000522 3608.588    769.9    -3.0
      G853 GCYM 0912181431 12021420 3617.600    769.9    -2.0
      G853 GCYM 0912181451 13060525 3627.947    769.9    -2.0
      G853 GCYM 0912181523 13060620 3634.515    768.4    -1.0
      G853 GCYM 0912181543 13060720 3627.507    768.4    -1.0
      G853 GCYM 0912181610 13008520 3629.497    768.4    -2.0
      G853 GCYM 0912181646 13008622 3628.376    769.9    -2.0
      G853 GCYM 0912181716 13008721 3595.850    769.9    -2.0
55555
      G853 GCYM 0912190841 13008721 3595.803    774.4    -8.0
      G853 GCYM 0912190928 13013520 3616.888    769.9    -7.0
      G853 GCYM 0912191018 13008721 3595.798    769.9    -4.0
      G853 GCYM 0912191108 13008622 3628.330    769.9    -4.0
      G853 GCYM 0912191136 13008520 3629.460    766.9    -3.0
      G853 GCYM 0912191213 11010520 3648.932    765.4    -2.0
      G853 GCYM 0912191246 11010220 3677.916    763.9    -1.0
      G853 GCYM 0912191330 11010122 3674.663    763.9     1.0
      G853 GCYM 0912191417 11000220 3670.837    762.4    -1.0
55555
      G853 GCYM 0912220841 11000220 3670.830    754.9     1.0
      G853 GCYM 0912220957 11001020 3686.285    754.9    -2.0
      G853 GCYM 0912221053 11017520 3684.535    756.4     1.0
      G853 GCYM 0912221116 13060420 3656.916    756.4     1.0
      G853 GCYM 0912221136 12017622 3631.980    756.4     2.0
      G853 GCYM 0912221142 12017621 3631.956    765.4     2.0
      G853 GCYM 0912221146 12017622 3631.985    756.4     2.0
      G853 GCYM 0912221206 12017625 3631.008    756.4     2.0
      G853 GCYM 0912221210 12017622 3631.974    756.4     2.0
      G853 GCYM 0912221315 12000522 3608.570    757.9     6.0
      G853 GCYM 0912221326 12000525 3608.243    756.4     6.0
      G853 GCYM 0912221334 12000522 3608.576    756.4     6.0
      G853 GCYM 0912221342 12000521 3607.940    756.4     6.0
      G853 GCYM 0912221350 12000522 3608.577    756.4     6.0
      G853 GCYM 0912221425 12013022 3608.410    756.4     7.0
      G853 GCYM 0912221439 12013025 3606.936    754.9     7.0
      G853 GCYM 0912221449 12013022 3608.405    756.4     7.0
      G853 GCYM 0912221533 12012820 3626.760    756.4     6.0
      G853 GCYM 0912221639 12012721 3616.678    756.4     4.0
      G853 GCYM 0912221701 12012720 3617.013    756.4     3.0
      G853 GCYM 0912221721 12012721 3616.693    756.4     3.0
      G853 GCYM 0912221805 13008820 3600.328    757.9     2.0
      G853 GCYM 0912221901 13008721 3595.790    756.4     2.0
55555
      G853 GCYM 0912230825 13008721 3595.787    765.4    -5.0
      G853 GCYM 0912230924 13008820 3600.356    763.9    -2.0
      G853 GCYM 0912231001 12012721 3616.747    760.9     1.0
      G853 GCYM 0912231049 12012820 3626.830    760.9     4.0
      G853 GCYM 0912231135 12013022 3608.470    760.9     4.0
      G853 GCYM 0912231205 12000522 3608.620    760.9     3.0
      G853 GCYM 0912231219 12017622 3631.990    760.9     3.0
      G853 GCYM 0912231236 13060420 3656.930    760.9     3.0
      G853 GCYM 0912231331 11017520 3684.548    760.9     4.0
      G853 GCYM 0912231419 11001020 3686.273    759.4     4.0
      G853 GCYM 0912231506 11002420 3670.597    756.4     4.0
      G853 GCYM 0912231555 11001020 3686.238    757.9     4.0
      G853 GCYM 0912231814 11000220 3670.810    754.9     4.0
99999
