       ai   CAR
      C099 GCYM 1508211133 13064422 5150.889   1000.0    29.0
      C099 GCYM 1508211244 13064524 5161.381   1000.0    30.0
      C099 GCYM 1508211349 13072100 5102.455   1000.0    30.0
      C099 GCYM 1508211518 13072200 5112.990   1000.0    27.0
      C099 GCYM 1508211651 13072301 5090.586   1000.0    27.0
      C099 GCYM 1508211810 13090000 5075.369   1000.0    21.0
      C099 GCYM 1508211903 13090101 5185.543   1000.0    23.0
55555                                                 
      C099 GCYM 1508220801 13090101 5185.559   1000.0    20.0
      C099 GCYM 1508220913 13090000 5075.462   1000.0    23.0
      C099 GCYM 1508221031 13072301 5090.730   1000.0    26.0
44444                                                 
      C099 GCYM 1508221058 13072301 5090.738   1000.0    23.0
      C099 GCYM 1508221238 13072200 5113.178   1000.0    28.0
      C099 GCYM 1508221446 13072100 5102.650   1000.0    26.0
      C099 GCYM 1508221547 13064524 5161.588   1000.0    26.0
      C099 GCYM 1508221550 13064524 5161.588   1000.0    26.0
      C099 GCYM 1508221630 13064422 5151.102   1000.0    30.0
55555                                                 
      C099 GCYM 1508230807 13064620 5142.888   1000.0    23.0
      C099 GCYM 1508230839 13072402 5119.785   1000.0    23.0
      C099 GCYM 1508230851 10107200 5115.874   1000.0    23.0
      C099 GCYM 1508230905 13072402 5119.811   1000.0    23.0
      C099 GCYM 1508231013 13072600 5066.183   1000.0    24.0
      C099 GCYM 1508231113 13072701 5022.366   1000.0    26.0
      C099 GCYM 1508231214 13072800 4992.266   1000.0    22.0
      C099 GCYM 1508231310 13090400 4984.945   1000.0    26.0
      C099 GCYM 1508231321 13090401 4985.034   1000.0    26.0
      C099 GCYM 1508231333 13090400 4984.956   1000.0    26.0
      C099 GCYM 1508231448 15024600 5034.764   1000.0    22.0
      C099 GCYM 1508231558 98000100 5011.676   1000.0    23.0
      C099 GCYM 1508231733 98000200 5050.821   1000.0    21.0
      C099 GCYM 1508231903 98050800 5020.603   1000.0    20.0
55555                                                 
      C099 GCYM 1508240810 98050800 5020.637   1000.0    20.0
      C099 GCYM 1508240858 98051500 4996.661   1000.0    20.0
      C099 GCYM 1508240942 10114700 5027.214   1000.0    25.0
      C099 GCYM 1508241018 13064920 5024.779   1000.0    25.0
      C099 GCYM 1508241103 10114700 5027.258   1000.0    25.0
      C099 GCYM 1508241148 98051500 4996.746   1000.0    25.0
      C099 GCYM 1508241223 98050800 5020.754   1000.0    25.0
      C099 GCYM 1508241435 98000200 5051.022   1000.0    25.0
      C099 GCYM 1508241608 98000100 5011.941   1000.0    25.0
      C099 GCYM 1508241651 15024600 5035.059   1000.0    23.0
      C099 GCYM 1508241748 13090400 4985.270   1000.0    19.0
      C099 GCYM 1508241823 13072800 4992.647   1000.0    19.0
      C099 GCYM 1508241907 13072701 5022.769   1000.0    19.0
55555                                                 
      C099 GCYM 1508250836 13072701 5022.800   1000.0    20.0
      C099 GCYM 1508250930 13072600 5066.643   1000.0    24.0
      C099 GCYM 1508251025 13072402 5120.324   1000.0    25.0
      C099 GCYM 1508251100 13064620 5143.422   1000.0    26.0
      C099 GCYM 1508251157 13064422 5151.752   1000.0    27.0
      C099 GCYM 1508251232 13064320 5159.572   1000.0    27.0
      C099 GCYM 1508251318 13064422 5151.818   1000.0    28.0
      C099 GCYM 1508251439 13064620 5143.584   1000.0    20.0
55555                                                 
      C099 GCYM 1508260828 13064920 5025.110   1000.0    22.0
      C099 GCYM 1508260916 13064822 5032.778   1000.0    22.0
      C099 GCYM 1508261002 13064720 5032.196   1000.0    24.0
      C099 GCYM 1508261106 13064422 5151.867   1000.0    25.0
      C099 GCYM 1508261205 13064720 5032.272   1000.0    26.0
      C099 GCYM 1508261357 13064822 5032.969   1000.0    26.0
      C099 GCYM 1508261446 13064920 5025.383   1000.0    26.0
      C099 GCYM 1508261525 14080123 5001.728   1000.0    26.0
      C099 GCYM 1508261608 14080220 4987.287   1000.0    25.0
      C099 GCYM 1508261717 14080123 5001.785   1000.0    25.0
      C099 GCYM 1508261755 13064920 5025.470   1000.0    25.0
55555                                                 
      C099 GCYM 1508270850 13064822 5033.143   1000.0    23.0
      C099 GCYM 1508270933 98052300 5048.296   1000.0    26.0
      C099 GCYM 1508271036 98052400 5010.564   1000.0    27.0
      C099 GCYM 1508271108 98052300 5048.325   1000.0    27.0
      C099 GCYM 1508271155 13064822 5033.164   1000.0    27.0
      C099 GCYM 1508271334 98052400 5010.656   1000.0    28.0
      C099 GCYM 1508271401 98052500 4975.293   1000.0    28.0
      C099 GCYM 1508271557 98000700 4978.563   1000.0    27.0
      C099 GCYM 1508271651 14023401 5011.481   1000.0    27.0
55555                                                 
      C099 GCYM 1508280746 14023401 5011.540   1000.0    18.0
      C099 GCYM 1508280923 14034100 5009.650   1000.0    22.0
      C099 GCYM 1508281051 14023401 5011.452   1000.0    24.0
      C099 GCYM 1508281134 13072003 5025.355   1000.0    25.0
      C099 GCYM 1508281205 13072001 5023.134   1000.0    25.0
      C099 GCYM 1508281233 13072003 5025.374   1000.0    26.0
      C099 GCYM 1508281323 13060320 5088.961   1000.0    28.0
      C099 GCYM 1508281446 13072003 5025.502   1000.0    27.0
      C099 GCYM 1508281527 14023401 5011.654   1000.0    27.0
      C099 GCYM 1508281623 98000700 4978.821   1000.0    26.0
      C099 GCYM 1508281737 98052500 4975.709   1000.0    25.0
      C099 GCYM 1508281803 98052400 5011.131   1000.0    25.0
55555                                                 
      C099 GCYM 1508290819 98052400 5011.062   1000.0    24.0
      C099 GCYM 1508290852 98052200 5027.799   1000.0    24.0
      C099 GCYM 1508290938 98052100 4986.353   1000.0    24.0
      C099 GCYM 1508291016 13062822 5020.601   1000.0    25.0
      C099 GCYM 1508291217 98001200 5095.741   1000.0    26.0
      C099 GCYM 1508291457 98000600 5136.194   1000.0    27.0
      C099 GCYM 1508291610 13060320 5089.309   1000.0    27.0
      C099 GCYM 1508291703 13060220 5163.043   1000.0    27.0
      C099 GCYM 1508291810 13008026 5239.357   1000.0    29.0
      C099 GCYM 1508291837 13008022 5229.387   1000.0    29.0
      C099 GCYM 1508291903 13008026 5239.375   1000.0    29.0
55555                                                 
      C099 GCYM 1508300828 13008026 5239.378   1000.0    24.0
      C099 GCYM 1508300935 13060220 5163.033   1000.0    24.0
      C099 GCYM 1508301003 13060320 5089.317   1000.0    24.0
      C099 GCYM 1508301110 98000600 5136.262   1000.0    24.0
      C099 GCYM 1508301239 98001200 5095.895   1000.0    24.0
      C099 GCYM 1508301411 13062822 5020.781   1000.0    24.0
      C099 GCYM 1508301448 98052100 4986.574   1000.0    24.0
      C099 GCYM 1508301533 98052200 5028.066   1000.0    24.0
      C099 GCYM 1508301608 98052400 5011.358   1000.0    24.0
55555                                                 
      C099 GCYM 1509070852 11000220 5295.949   1000.0    24.0
      C099 GCYM 1509070935 11004021 5294.294   1000.0    24.0
      C099 GCYM 1509071021 11010421 5273.069   1000.0    27.0
      C099 GCYM 1509071051 11010320 5280.661   1000.0    27.0
      C099 GCYM 1509071125 11010922 5271.428   1000.0    27.0
      C099 GCYM 1509071214 13008320 5257.724   1000.0    28.0
      C099 GCYM 1509071318 13008420 5258.774   1000.0    28.0
      C099 GCYM 1509071408 13008520 5254.249   1000.0    28.0
      C099 GCYM 1509071449 13008420 5258.819   1000.0    28.0
      C099 GCYM 1509071531 13008320 5257.774   1000.0    28.0
      C099 GCYM 1509071612 13008220 5259.822   1000.0    28.0
      C099 GCYM 1509071707 13013632 5232.510   1000.0    28.0
      C099 GCYM 1509071748 13008220 5259.793   1000.0    27.0
55555                                                 
      C099 GCYM 1509080810 13008220 5259.694   1000.0    25.0
      C099 GCYM 1509080847 13008123 5258.145   1000.0    25.0
      C099 GCYM 1509080858 13008121 5258.015   1000.0    25.0
      C099 GCYM 1509080932 13008026 5240.613   1000.0    26.0
      C099 GCYM 1509081005 13008121 5258.020   1000.0    26.0
      C099 GCYM 1509081026 13008123 5258.155   1000.0    26.0
      C099 GCYM 1509081100 13008220 5259.701   1000.0    27.0
      C099 GCYM 1509081147 13008320 5257.693   1000.0    27.0
      C099 GCYM 1509081230 11010922 5271.426   1000.0    27.0
44444                                                 
      C099 GCYM 1509081451 11010922 5271.484   1000.0    27.0
      C099 GCYM 1509081542 11010320 5280.730   1000.0    27.0
      C099 GCYM 1509081612 11010421 5273.158   1000.0    27.0
      C099 GCYM 1509081707 11004021 5294.384   1000.0    26.0
      C099 GCYM 1509081803 11000220 5296.001   1000.0    26.0
55555                                                 
      C099 GCYM 1509100816 11000220 5296.038   1000.0    20.0
      C099 GCYM 1509100908 11010124 5298.955   1000.0    22.0
      C099 GCYM 1509100956 11010223 5302.917   1000.0    22.0
      C099 GCYM 1509101040 11010520 5273.932   1000.0    23.0
      C099 GCYM 1509101108 13008520 5254.278   1000.0    22.0
      C099 GCYM 1509101157 13008622 5253.193   1000.0    22.0
      C099 GCYM 1509101233 13008721 5220.334   1000.0    21.0
      C099 GCYM 1509101358 13013520 5241.702   1000.0    22.0
      C099 GCYM 1509101434 13015015 5232.043   1000.0    22.0
      C099 GCYM 1509101448 13015020 5232.532   1000.0    22.0
      C099 GCYM 1509101458 13015015 5232.056   1000.0    22.0
      C099 GCYM 1509101535 13013632 5232.666   1000.0    22.0
      C099 GCYM 1509101603 13015015 5232.095   1000.0    22.0
      C099 GCYM 1509101730 13013520 5241.814   1000.0    17.0
      C099 GCYM 1509101839 13008721 5220.471   1000.0    17.0
55555                                                 
      C099 GCYM 1509110811 13008721 5220.444   1000.0    20.0
      C099 GCYM 1509110921 13008821 5225.017   1000.0    21.0
      C099 GCYM 1509111031 12012721 5241.539   1000.0    22.0
      C099 GCYM 1509111123 12012820 5251.642   1000.0    23.0
      C099 GCYM 1509111213 12012721 5241.563   1000.0    24.0
      C099 GCYM 1509111253 13008821 5225.035   1000.0    22.0
      C099 GCYM 1509111423 13008721 5220.445   1000.0    24.0
      C099 GCYM 1509111458 13008622 5253.363   1000.0    24.0
      C099 GCYM 1509111536 13008520 5254.502   1000.0    23.0
      C099 GCYM 1509111608 11010520 5274.182   1000.0    23.0
      C099 GCYM 1509111707 11010223 5303.189   1000.0    23.0
      C099 GCYM 1509111751 11010124 5299.205   1000.0    23.0
      C099 GCYM 1509111846 11000220 5296.250   1000.0    20.0
55555                                                 
      C099 GCYM 1509140825 11000220 5296.618   1000.0    20.0
      C099 GCYM 1509140934 11003902 5291.524   1000.0    23.0
      C099 GCYM 1509140947 11013902 5291.581   1000.0    23.0
      C099 GCYM 1509140955 11003902 5291.520   1000.0    23.0
      C099 GCYM 1509141053 11004120 5300.967   1000.0    24.0
      C099 GCYM 1509141122 11014121 5272.879   1000.0    16.0
      C099 GCYM 1509141139 11004120 5300.966   1000.0    25.0
      C099 GCYM 1509141156 11003820 5298.838   1000.0    25.0
      C099 GCYM 1509141236 11019721 5274.154   1000.0    26.0
      C099 GCYM 1509141309 11019620 5291.933   1000.0    26.0
      C099 GCYM 1509141409 11019721 5274.162   1000.0    25.0
      C099 GCYM 1509141451 11003820 5298.885   1000.0    24.0
      C099 GCYM 1509141516 11004120 5301.029   1000.0    25.0
      C099 GCYM 1509141610 11003902 5291.587   1000.0    20.0
      C099 GCYM 1509141657 11000220 5296.654   1000.0    23.0
55555                                                 
      C099 GCYM 1509150825 11000220 5296.762   1000.0    20.0
      C099 GCYM 1509150930 11019721 5274.371   1000.0    23.0
      C099 GCYM 1509150958 11090100 5249.174   1000.0    23.0
      C099 GCYM 1509151011 11090101 5233.340   1000.0    22.0
      C099 GCYM 1509151028 11020220 5167.694   1000.0    22.0
      C099 GCYM 1509151043 11090102 5143.958   1000.0    22.0
      C099 GCYM 1509151125 13062320 5125.829   1000.0    23.0
      C099 GCYM 1509151217 13062420 5153.741   1000.0    24.0
      C099 GCYM 1509151348 13062520 5151.597   1000.0    24.0
      C099 GCYM 1509151421 13062620 5138.532   1000.0    24.0
      C099 GCYM 1509151610 13062721 5108.942   1000.0    22.0
      C099 GCYM 1509151639 13062822 5023.059   1000.0    22.0
      C099 GCYM 1509151712 13062920 5079.459   1000.0    21.0
      C099 GCYM 1509151757 13064021 5148.346   1000.0    22.0
      C099 GCYM 1509151839 13064320 5162.957   1000.0    21.0
      C099 GCYM 1509151919 13064220 5162.696   1000.0    20.0
55555                                                 
      C099 GCYM 1509160827 13064220 5162.846   1000.0    20.0
      C099 GCYM 1509160934 13064120 5154.167   1000.0    20.0
      C099 GCYM 1509161053 11003020 5172.475   1000.0    22.0
      C099 GCYM 1509161148 10119200 5155.200   1000.0    22.0
      C099 GCYM 1509161235 11002800 5228.480   1000.0    24.0
      C099 GCYM 1509161306 11019620 5292.378   1000.0    23.0
      C099 GCYM 1509161406 11002800 5228.503   1000.0    23.0
      C099 GCYM 1509161448 10119200 5155.248   1000.0    23.0
      C099 GCYM 1509161531 11003020 5172.514   1000.0    23.0
      C099 GCYM 1509161621 13064120 5154.232   1000.0    23.0
      C099 GCYM 1509161710 13064220 5162.894   1000.0    22.0
      C099 GCYM 1509161748 13064320 5163.191   1000.0    22.0
      C099 GCYM 1509161823 13064021 5148.610   1000.0    21.0
55555                                                 
      C099 GCYM 1509171003 13064021 5148.749   1000.0    22.0
      C099 GCYM 1509171052 13062920 5079.894   1000.0    25.0
      C099 GCYM 1509171151 13062822 5023.523   1000.0    25.0
      C099 GCYM 1509171225 13062721 5109.434   1000.0    25.0
      C099 GCYM 1509171316 13062620 5139.101   1000.0    25.0
      C099 GCYM 1509171343 13062520 5152.169   1000.0    25.0
      C099 GCYM 1509171428 13062420 5154.326   1000.0    25.0
      C099 GCYM 1509171523 13062320 5126.424   1000.0    25.0
      C099 GCYM 1509171600 11090102 5144.580   1000.0    25.0
      C099 GCYM 1509171619 11020220 5168.311   1000.0    24.0
      C099 GCYM 1509171635 11090101 5233.960   1000.0    24.0
      C099 GCYM 1509171653 11090100 5249.802   1000.0    24.0
      C099 GCYM 1509171723 11019721 5274.999   1000.0    24.0
      C099 GCYM 1509171835 11000220 5297.396   1000.0    24.0
55555                                                 
      C099 GCYM 1509210840 11000220 5298.239   1000.0    20.0
      C099 GCYM 1509210941 11019620 5293.642   1000.0    21.0
      C099 GCYM 1509211010 10100100 5289.596   1000.0    21.0
      C099 GCYM 1509211038 10100101 5275.495   1000.0    21.0
      C099 GCYM 1509211058 10100100 5289.590   1000.0    22.0
      C099 GCYM 1509211125 11019620 5293.655   1000.0    25.0
      C099 GCYM 1509211207 11002521 5309.870   1000.0    23.0
      C099 GCYM 1509211233 11019120 5304.564   1000.0    26.0
      C099 GCYM 1509211307 11002400 5298.152   1000.0    26.0
      C099 GCYM 1509211418 11002322 5308.603   1000.0    26.0
      C099 GCYM 1509211440 11002321 5304.523   1000.0    26.0
      C099 GCYM 1509211453 11002322 5308.606   1000.0    26.0
      C099 GCYM 1509211541 11018920 5254.717   1000.0    26.0
      C099 GCYM 1509211614 11018621 5257.898   1000.0    25.0
      C099 GCYM 1509211655 11003420 5192.538   1000.0    24.0
      C099 GCYM 1509211744 11003320 5173.123   1000.0    21.0
      C099 GCYM 1509211832 11003221 5195.909   1000.0    20.0
      C099 GCYM 1509211908 11003020 5173.750   1000.0    20.0
55555                                                 
      C099 GCYM 1509220814 11003020 5173.782   1000.0    20.0
      C099 GCYM 1509220853 11003221 5195.961   1000.0    20.0
      C099 GCYM 1509220932 11003320 5173.195   1000.0    20.0
      C099 GCYM 1509221031 11003420 5192.644   1000.0    21.0
      C099 GCYM 1509221117 11018621 5258.044   1000.0    21.0
      C099 GCYM 1509221150 11018920 5254.861   1000.0    21.0
      C099 GCYM 1509221232 11002322 5308.760   1000.0    22.0
      C099 GCYM 1509221315 11002400 5298.335   1000.0    23.0
      C099 GCYM 1509221436 11019120 5304.772   1000.0    24.0
      C099 GCYM 1509221501 11002521 5310.100   1000.0    24.0
      C099 GCYM 1509221541 11019620 5293.888   1000.0    24.0
      C099 GCYM 1509221633 11000220 5298.465   1000.0    22.0
55555                                                 
      C099 GCYM 1509240821 11000220 5298.865   1000.0    20.0
      C099 GCYM 1509240951 11001020 5314.430   1000.0    22.0
      C099 GCYM 1509241047 11017520 5312.611   1000.0    23.0
      C099 GCYM 1509241127 13060420 5284.752   1000.0    23.0
      C099 GCYM 1509241232 12017625 5258.639   1000.0    23.0
      C099 GCYM 1509241302 12000525 5235.741   1000.0    23.0
      C099 GCYM 1509241343 12013025 5234.539   1000.0    23.0
      C099 GCYM 1509241434 12012820 5254.513   1000.0    23.0
      C099 GCYM 1509241533 12013025 5234.598   1000.0    23.0
      C099 GCYM 1509241610 12000525 5235.851   1000.0    23.0
      C099 GCYM 1509241637 12021420 5245.267   1000.0    23.0
      C099 GCYM 1509241707 13060526 5256.898   1000.0    23.0
      C099 GCYM 1509241753 13060620 5262.366   1000.0    23.0
      C099 GCYM 1509241832 13060720 5255.268   1000.0    21.0
      C099 GCYM 1509241910 13008520 5257.208   1000.0    21.0
55555                                                 
      C099 GCYM 1509250815 13008520 5257.021   1000.0    19.0
      C099 GCYM 1509250850 13060720 5255.075   1000.0    20.0
      C099 GCYM 1509250944 13060620 5262.178   1000.0    21.0
      C099 GCYM 1509251047 13060526 5256.708   1000.0    22.0
      C099 GCYM 1509251113 12021420 5245.101   1000.0    22.0
      C099 GCYM 1509251134 12000525 5235.700   1000.0    22.0
      C099 GCYM 1509251206 12017625 5258.651   1000.0    23.0
      C099 GCYM 1509251235 13060420 5284.819   1000.0    23.0
      C099 GCYM 1509251401 11017520 5312.758   1000.0    23.0
      C099 GCYM 1509251455 11001020 5314.632   1000.0    23.0
      C099 GCYM 1509251551 11002400 5298.946   1000.0    23.0
      C099 GCYM 1509251707 11001020 5314.688   1000.0    29.0
      C099 GCYM 1509251857 11000220 5299.004   1000.0    22.0
99999