200308      1.7213    -0.3331     2.0544
200309      1.4973    -0.3934     1.8907
200310      1.3096    -0.3491     1.6587
200311      1.3756    -0.2674      1.643
200312      1.5085    -0.1042     1.6127
200401      1.5868    -0.0421     1.6289
200402      1.6493     0.0607     1.5886
200403      1.7129     0.1368     1.5761
200404      1.7559     0.1853     1.5706
200405      1.5746     0.0562     1.5184
200406      1.3197    -0.1111     1.4308
200407      1.2634    -0.2575     1.5209
200408      1.1836    -0.3331     1.5167
200409      1.1803    -0.3934     1.5737
200410      1.2921    -0.3491     1.6412
200411      1.4415    -0.2674     1.7089
200412      1.4715    -0.1042     1.5757
200501      1.4439    -0.0421      1.486
200502      1.5726     0.0607     1.5119
200503      1.7158     0.1368      1.579
200504      1.7344     0.1853     1.5491
200505      1.6558     0.0562     1.5996
200506      1.5453    -0.1111     1.6564
200507      1.3518    -0.2575     1.6093
200508      1.1607    -0.3331     1.4938
200509      1.1145    -0.3934     1.5079
200510      1.2181    -0.3491     1.5672
200511      1.1848    -0.2674     1.4522
200512      1.2701    -0.1042     1.3743
200601      1.4017    -0.0421     1.4438
200602       1.491     0.0607     1.4303
200603      1.5811     0.1368     1.4443
200604      1.7329     0.1853     1.5476
200605      1.7207     0.0562     1.6645
200606      1.3192    -0.1111     1.4303
200607       0.951    -0.2575     1.2085
200608      0.8198    -0.3331     1.1529
200609      0.8275    -0.3934     1.2209
200610      0.8075    -0.3491     1.1566
200611      1.0021    -0.2674     1.2695
200612      1.5209    -0.1042     1.6251
200701      1.6241    -0.0421     1.6662
200702      1.6507     0.0607       1.59
200703      1.7003     0.1368     1.5635
200704      1.5813     0.1853      1.396
200705      1.1163     0.0562     1.0601
200706      0.9188    -0.1111     1.0299
200707      0.8404    -0.2575     1.0979
200708      0.5289    -0.3331      0.862
200709      0.5572    -0.3934     0.9506
200710      0.7186    -0.3491     1.0677
200711      0.8483    -0.2674     1.1157
200712      0.9117    -0.1042     1.0159
200801       99999    -0.0421     0.9538
200802      1.1723     0.0607     1.1116
200803      1.1882     0.1368     1.0514
200804      1.3424     0.1853     1.1571
200805      1.0648     0.0562     1.0086
200806      0.8386    -0.1111     0.9497
200807      0.7642    -0.2575     1.0217
200808      0.7382    -0.3331     1.0713
200809      0.6344    -0.3934     1.0278
200810      0.7512    -0.3491     1.1003
200811       0.755    -0.2674     1.0224
200812       0.924    -0.1042     1.0282
200901      1.0313    -0.0421     1.0734
200902      1.1002     0.0607     1.0395
200903      1.2148     0.1368      1.078
200904      1.2773     0.1853      1.092
200905      1.5373     0.0562     1.4811
200906      1.7443    -0.1111     1.8554
200907      1.6569    -0.2575     1.9144
200908      1.8772    -0.3331     2.2103
200909      1.8476    -0.3934      2.241
200910      2.2249    -0.3491      2.574
200911      2.4348    -0.2674     2.7022
200912      2.5839    -0.1042     2.6881
201001      2.7671    -0.0421     2.8092
201002      2.8205     0.0607     2.7598
201003      2.7897     0.1368     2.6529
201004      2.7809     0.1853     2.5956
