11000220   地球所2001                          39.946   116.31     51.9                
11000202   地球所楼台阶                        39.946   116.31     51.9    
11000100   天安门                              39.905   116.393    45.9
11004021   八宝山(20061)                       39.913   116.24     65.9
11004020   八宝山                              39.913   116.24     65.2    
11004000   八宝山                              39.913   116.24     65.9
11010420   大灰厂(中学)                        39.85    116.113    74.0    
11010400   大灰厂台                            39.85    116.113    74.0 
11010320   良乡(镇政府)                        39.747   116.137    47.8    
11010300   良乡街道办事处                      39.747   116.137    47.3    
11010302   良乡                                39.747   116.137    47.3   
11010920   琉璃河                              39.611   116.028    31.3    
11010922   琉璃河(医院楼前)                    39.611   116.028    31.3    
11010923   琉璃河20092新                       39.611   116.028    31.2    
11010900   琉璃河                              39.611   116.028    31.3    
13008320   涿县                                39.48    115.958    28.0    
13008320   涿县                                39.48    115.958    28.0    
13008220   高碑店(中学)                        39.326   115.871    29.3    
13008204   高碑店1992年第一期                  39.326   115.871    29.9    
13008202   高碑店                              39.326   115.871    29.4    
13012205   保定1991                            38.850   115.500    20.0    
13012220   保定2001                            38.850   115.500    20.0           
13012225   保定新楼南(20052)                   38.850   115.500    20.0
13008121   涞水(税务办公楼)                    39.383   115.719    40.0
13008120   涞水(税务)                          39.383   115.719    40.0
13008104   涞水1991                            39.383   115.719    40.0     
13008102   涞水1993                            39.383   115.719    40.0    
13008106   涞水1998                            39.383   115.719    40.0   
13008022   易县(政府)                          39.349   115.491    60.0     
13008020   易县招待所                          39.349   115.491    60.0     
13008002   易县                                39.349   115.491    60.0     
13008004   易县                                39.349   115.491    60.0     
13008025   易县学校门口                        39.349   115.491    60.0     
13060220   泥瓦铺                              39.353   115.191   188.0     
13060120   西陵                                39.351   115.350   200.0 
13060202   金坡                                39.353   115.191   188.0     
13060302   紫荆关                              39.427   115.159   519.0     
11010120   大红门（洗浴中心）                  39.823   116.397    48.0     
11010122   大红门（2009洗浴中心）              39.823   116.397    48.0     
11010124   大红门86号院20121                   39.829   116.402   48.0
11010220   黄村                                39.731   116.337    39.0     
11010202   黄村1991                            39.731   116.337    39.0
11010222   黄村2010                            39.731   116.337    39.0  
11010223   黄村2013                            39.731   116.337    39.0  
11010520   榆垡                                39.509   116.316    40.0     
11010500   榆垡1991年第一期                    39.509   116.316    40.0     
13008420   宫村                                39.476   116.143    24.0
13008421   宫村2011                            39.476   116.143    24.0    
13008502   固安1991                            39.439   116.294    22.0     
13008520   固安(县政府)                        39.439   116.294    22.0    
13008720   霸县(临)                            39.133   116.389     3.0     
13008721   霸州(三中)                          39.133   116.389     3.0                
13008702   霸州                                39.133   116.389     3.0                
11001020   通州                                39.917   116.649    55.0                
11017520   长凌营                              39.778   116.787    16.0                
13060420   安平                                39.71    116.891    33.0         
12017621   河西务应急临时                      39.624   116.954     4.0               
12017622   河西务(邮局0801)                    39.624   116.954     4.0                
12017620   河西务2001                          39.624   116.954     4.0                  
12017625   河西务2010                          39.624   116.954     4.0                  
12000520   大孟庄                              39.527   116.998     6.0                
12000522   大孟庄                              39.527   116.998     6.0                
12000525   大孟庄                              39.527   116.998     6.0       
12000521   大孟庄应急临时                      39.527   116.998     6.0             
12021420   武清城关                            39.522   116.871    18.0               
13060520   廊坊                                39.507   116.743     9.0               
13060525   廊坊                                39.507   116.743     9.0     
13060526   廊坊东方富达20121                   39.515   116.748    15.0
13060620   旧州                                39.505   116.568    21.0     
13060720   曹家务孟各庄                        39.415   116.495    19.0    
12013320   宝坻(科委)                          39.711   117.303    20.0     
12013302   宝坻1991                            39.711   117.303    20.0 
12013304   宝坻199106                          39.711   117.303    20.0     
12013520   王卜庄                              39.686   117.436    20.0      
12013620   八门城                              39.579   117.608    20.0      
12013720   西关                                39.458   117.756    20.0      
12013120   崔黄口(填政府)                      39.532   117.192    20.0      
12013100   崔黄口1991                          39.532   117.192    20.0      
12013220   大口屯                              39.589   117.242    20.0   
12013020   武清(杨村)                          39.379   117.062     7.0   
12013022   杨村洗浴临时点                      39.379   117.062     7.0                   
12013025   杨村地震局球所建                    39.379   117.062     7.0                   
12013002   杨村1991                            39.379   117.062     7.0                   
12013004   杨村1999                            39.379   117.062     7.0                   
12012802   河北工学院1993                      39.178   117.168     6.0
12012804   河北工学院1991                      39.178   117.168     6.0                  
12092800   洞天1991第二期                      39.183   117.167     6.0                   
12012720   下河头中学                          39.195   116.999    13.0                  
12012721   下河头农校                          39.195   116.999    13.0                  
13008820   堂二里                              39.139   116.732     7.0                   
13008620   牛坨                                39.267   116.333    14.0                  
13008602   牛坨                                39.267   116.336    14.0                  
13008604   牛坨                                39.267   116.336    14.0
13008622   牛坨2009                            39.267   116.333    14.0                   
12012420   东沽港                              39.181   116.844    14.0                  
12061020   小站                                38.915   117.431    20.0                  
12061120   新城                                38.983   117.533     5.0                   
12061220   北塘                                39.100   117.717     5.0                   
11002420   顺义（党校）                        40.136   116.644    42.0                  
11002400   顺义（政府）                        40.136   116.644    42.0 
11002421   顺义宾馆临时                        40.136   116.644    42.0                                  
11019120   高丽营                              40.167   116.5      46.0                    
11002520   小汤山                              40.176   116.392    36.0                  
11002521   小汤山                              40.176   116.392    36.0                  
11002320   怀柔                                40.316   116.648    34.0
11002321   怀柔201409                          40.316   116.648    34.0                  
11002300   怀柔1991年第二期                    40.316   116.648    34.0                  
11018920   椴树岭                              40.486   116.657    21.0                  
11002123   密云水准                            40.414   116.884    20.0                  
11002120   密云2001，县政府                    40.414   116.884    20.0                  
11002102   密云1991                            40.414   116.884    20.0                  
11002104   密云1995                            40.414   116.884    20.0                  
11002122   密云2003                            40.414   116.884    20.0                  
11002124   密云2007                            40.414   116.884    20.0                
11001920   峪口                                40.185   117.009    20.0                
11001821   平谷中学(2003年9月改点              40.139   117.114    20.0                
11001820   平谷2001                            40.139   117.114    20.0                
11017920   庄头峪(村委)                        40.448   117.008    20.0                
11017900   庄头峪路边沟里                      40.448   117.008    20.0                
11018120   辛庄(冷冻厂)                        40.595   117.132    20.0                
11018100   辛庄                                40.595   117.132    20.0                
11018220   柳树沟                              40.562   117.001    20.0                
11018320   西庄                                40.617   116.867    20.0                
11018425   河北村(界1438下)                    40.560   116.796    20.0                
11018420   河北村2001                          40.560   116.796    20.0                
11018520   沟门                                40.631   116.739    20.0                
11018620   琉璃庙                              40.625   116.640    28.0                           
13060800   火斗山                              40.794   117.201    20.0                
13060820   火斗山(三岔村)                      40.794   117.201    20.0                
13060822   火斗山(0801)                        40.794   117.201    20.0                
13060920   滦平(铁道桥)                        40.922   117.306    20.0                
13060900   滦平1991                            40.922   117.306    20.0                
13060902   滦平1995                            40.922   117.306    20.0                
13062020   周营子                              40.884   117.668    20.0             
13062120   滦河(桥北)                          40.956   117.744    20.0              
13062100   滦河                                40.956   117.744    20.0                
13062102   滦河医药公司                        40.956   117.744    20.0                
13062220   承德(基岩)                          41.001   117.899    20.0                
13062200   承德1991                            41.001   117.899    20.0                
13062220   承德                                41.001   117.899    20.0                             
11013902   香山内                              40.025   116.15     11.0              
11004120   白家疃(大门内)                      40.038   116.175    65.0
11014121   白家疃绝对                          40.040   116.175   200.0                
11003820   温泉                                40.051   116.143    73.0                
11003802   温泉1991第一期                      40.051   116.143    73.0                
11003804   温泉1991第二期                      40.051   116.143    73.0
11019720   葛村                                40.178   116.12     75.0                
11020220   高崖口                              40.141   115.924   608.0              
13062320   镇边城                              40.167   115.823   760.0              
13062420   东花园                              40.338   115.796   499.0              
13062520   施庄                                40.257   115.616   540.0              
13062620   张家堡                              40.260   115.526   552.0
13062720   丰润堡                              40.219   115.406   726.0              
13062721   丰润堡博物馆                        40.219   115.406   726.0              
13062820   野场                                40.158   115.273  1053.0             
13062822   野场                                40.158   115.273  1053.0             
13062920   辉耀                                40.246   115.147   795.0             
13064020   涿鹿                                40.373   115.208   544.0               
13064021   涿鹿                                40.373   115.208   544.0               
11019620   昌平(电信)                          40.221   116.213    70.0                
11019600   昌平1991                            40.221   116.213    70.0                
11019602   昌平1999                            40.221   116.213    70.0                
11002800   居庸关                              40.289   116.068   272.0     
11002801   纪念馆199412                        40.289   116.068   272.0     
11003020   延庆县                              40.463   115.985   499.0     
11003000   延庆县理发馆                        40.463   115.985   499.0 
10119200   延庆GNSS                            40.370   115.698   578.8                              
11003220   永宁                                40.530   116.166   516.0
11003221   永宁2009                            40.530   116.166   516.0    
11003320   黑汉岭                              40.554   116.348   703.0     
11003420   八亩地                              40.558   116.537   625.0     
13064120   北辛堡                              40.411   115.745   525.0     
13064220   怀来台                              40.397   115.524   528.0     
13064200   怀来台                              40.397   115.524   528.0     
13064320   鸡鸣驿                              40.454   115.311   544.0     
13064420   响水堡                              40.517   115.186   500.0     
13064522   宣化公路一局(20052)                 40.610   115.028   677.0     
13064520   宣化1991                            40.610   115.028   677.0     
13064524   宣化牌坊2009                        40.610   115.028   677.0     
13064620   张家口                              40.776   114.891   748.0     
13064720   深井                                40.406   114.833  1113.0    
13064820   三马坊                              40.229   114.572   886.0 
13064821   三马坊村                            40.229   114.572   886.0                  
13064822   三马坊村201409标石                  40.229   114.572   886.0                  
13064920   阳原(交警东门)                      40.101   114.16    896.0          
13064900   阳原1991                            40.101   114.16    896.0          
13064902   阳原                                40.101   114.16    896.0
14080120   两省界                              40.037   113.956   920.0
14080121   两省界20121建                       40.028   113.850   920.0
14080122   两省界201309临时                    40.028   113.850   920.0
14080123   两省界201409标石                    40.037   113.956   920.0
14080220   大同县公路局                        40.034   113.598  1038.0          
14080320   大同市台站                          40.081   113.295  1037.0
14016600   大同韩家岭                          40.002   113.250  1040.1          
14016601   大同韩家岭门口东                    40.002   113.250  1040.1          
14080420   云岗云冈景区外                      40.101   113.118  1007.0          
13066020   夏垫(花木)                          39.949   116.88      2.0          
13066000   夏垫1992                            39.949   116.88      2.0          
13066120   三河(医院)                          39.982   117.068    20.0          
13066102   三河                                39.982   117.068    20.0           
13066104   三河                                39.982   117.068    20.0           
12001620   邦均                                39.99    117.247    20.0             
12006720   殷溜(开发区)                        39.977   117.41     20.0           
12006702   殷溜1991                            39.977   117.41     20.0           
12006706   殷溜1998                            39.977   117.41     20.0           
12006704   蘖1996                            39.977   117.41     20.0           
12016520   蓟县电信局                          40.045   117.43     20.0           
12014725   杨津庄(职专)                        39.862   117.429    20.0           
12014720   杨津庄2001                          39.862   117.429    20.0           
13066220   峰山                                39.933   117.633    20.0           
13066320   玉田                                39.882   117.767    20.0           
13066420   沙流河                              39.876   117.949    20.0           
13066520   丰润                                39.816   118.134    20.0                 
13066620   唐山                                39.619   118.203    20.0                 
13066720   洼里                                39.694   118.332    20.0                 
13066722   洼里(20061)                         39.694   118.332    20.0           
13066820   古冶                                39.718   118.402    20.0                 
13066920   滦县                                39.751   118.734    20.0                 
13068022   长凝(041)                           39.582   118.796    20.0             
13068020   长凝                                39.582   118.796    20.0                 
13068120   滦南                                39.513   118.67     20.0                 
13068220   青坨营                              39.538   118.456    20.0               
13968320   安山                                39.713   118.985    20.0                 
13068422   昌黎(宾馆大门口20061)               39.716   119.174    20.0 
13068420   昌黎2001                            39.716   119.174    20.0             
13068402   昌黎1991                            39.716   119.174    20.0             
13068404   昌黎1996                            39.716   119.174    20.0             
13068520   古城                                39.716   119.174    20.0                 
13068620   北戴河(台上)球所2003                39.824   119.473    20.0
13068602   北戴河Geo仪器点                     39.824   119.47     20.0       
13068604   北戴河                              39.824   119.473    20.0               
13068820   丰南(轿车)                          39.543   118.12     20.0           
13068802   丰南1991                            39.543   118.12     20.0             
13068804   丰南1999                            39.543   118.12     20.0             
12014820   王兰庄                              39.543   118.12     20.0                
12013820   宁河(县政府)                        39.297   117.819    20.0         
12013800   宁河1991                            39.297   117.819    20.0               
12014020   马聪庄                              39.351   117.667    20.0                  
12014120   潘庄(镇大楼前)                      39.344   117.47     20.0           
12014102   潘庄1995                            39.344   117.47     20.0               
12014104   潘庄1992                            39.344   117.47     20.0               
12014220   西堤头                              39.253   117.346    20.0                 
13068920   榛子镇                              39.835   118.352    20.0                
13070020   沙河驿                              39.865   118.546    20.0               
13070120   野鸡坨                              39.863   118.657    20.0                 
13070222   卢龙(0801)                          39.878   118.857    20.0             
13070220   卢龙2001                            39.878   118.857    20.0               
13070320   双望                                39.902   119.054    20.0                   
13070420   抚宁                                39.894   119.226    20.0                   
13060422   抚宁20091                           39.894   119.226    20.0               
13070520   榆关                                39.907   119.364    20.0                   
13070620   秦皇岛                              39.917   119.561    20.0               
13068700   山海关                              40.002   119.751    20.0               
21009900   绥中                                40.333   120.317    20.0                  
13009300   西山北                              39.133   115.278    20.0                 
13009200   服务部                              39.000   115.317    20.0                     
13009100   史各庄                              39.905   116.335    20.0                 
13013105   任丘                                38.702   116.101    20.0                   
13009000   高阳                                38.704   115.76     20.0                   
13009400   固城                                38.85    115.5      20.0                     
13009500   韩村                                38.868   115.283    20.0                   
13009600   完县                                38.862   115.063    20.0                   
13070800   香河1991                            39.751   116.969    20.0                 
13070802   香河1995                            39.751   116.969    20.0                 
11019500   孙河                                40.06    116.567    20.0                   
12021320   茶淀                                39.242   117.8      20.0                 
12060920   小东庄                              39.083   117.367    20.0               
11019820   果庄                                40.338   116.156    20.0                  
13065020   水泉                                40.501   114.926    20.0                 
11002020   石硪                                40.322   116.958    20.0                 
11000320   亚运村                              39.99    116.392    20.0
11019721   葛村20112                           40.178   116.120    75.0 
13015020   白沟                                39.118   116.034    15.0
13015021   白沟                                39.118   116.034    15.0 
13013520   板家窝                              39.137   116.197    18.0 
13072000   双坨                                39.435   114.918   735.0 
13072001   双坨涵洞顶20101                     39.435   114.918   735.0 
13072002   双坨环岛20121                       39.399   114.898   735.0
13072003   双坨路政队20141                     39.399   114.898   735.0
14023400   涞高                                39.350   114.715   846.0
14034100   红涞                                39.302   114.397   734.0 
14034102   红涞                                39.302   114.397   734.0 
13064422   宣化东                              40.537   115.168   646.0 
13072100   李家堡                              40.691   115.406   858.0 
13072201   赤诚地震台                          40.914   115.837   880.0 
13072200   赤诚GPS连续                         40.914   115.837   890.0 
13072301   白草小学                            41.121   116.072   988.0 
13072300   白草GPS                             41.119   116.073  1028.0 
13090000   邓栅子                              41.232   116.326  1064.0 
13090100   丰宁                                41.218   116.633   673.0 
13090101   丰宁20112                           41.218   116.633   673.0 
13090200   黄旗镇                              41.454   116.675  1058.0 
13090300   郭家屯                              41.573   117.103   783.0 
13090301   郭家屯20112                         41.573   117.103   783.0
13072500   哈宣50S                             40.771   114.904   723.0 
13072600   哈宣42E                             40.930   114.725  1084.0 
13072700   张北A014                            41.176   114.708  1388.0 
13072701   张北交通管理                        41.165   114.695  1385.0 
13072800   团张17Z                             41.081   114.374  1513.0 
13090400   团张8Z                              41.122   114.102  1485.0 
13090401   团张8Z201309临时                    41.122   114.102  1485.0 
15024600   集团30S                             41.017   113.828  1288.0
14020201   大同县物探                          40.039   113.606  1062.0
11090100   高崖口1号                           40.135   115.984   212.0
11090200   高崖口3号                           40.144   115.889   921.0
11090101   高崖口1A                            40.140   115.968   284.0
11090102   高崖口2A                            40.142   115.904   726.0
14023401   涞高水湾商贸                        39.340   114.710   823 
13072400   张家口台站                          40.830   114.902   859.0  
13072401   张家口台站形变                      40.830   114.902   859.0
13072402   张家口台绝对                        40.828   114.899   825.0
11003902   香山(外)                            40.025   116.15     11.0
13060320   紫荆关(基岩)                        39.427   115.159   519.0     
11018621   琉璃庙(桥西)                        40.625   116.640    28.0
12012820   河北工学院                          39.178   117.168     6.0
10107200   张台GNSS                            40.828   114.900   832.07                              
98000100   兴和气象局                          40.877   113.835  1304.74
98000200   怀安GPS                             40.708   114.218  1051.40
98050800   天镇                                40.406   114.087   982.28  
98051500   袁家窑                              40.255   114.087  1205.18
10114700   阳原地震台                          40.126   114.149   942.31
98052300   东窑子头                            40.092   114.721   863.60
98052400   西合营                              39.942   114.774   894.15
98052500   九辛庄                              39.840   114.783  1130.41
98000700   上庄乡                              39.528   114.759  1020.94
98052200   吉家庄                              40.010   114.855   871.12
98052100   大堡                                40.106   115.102  1160.56 
98001200   河东镇                              39.925   115.334   598.00
98000600   玉斗                                39.671   115.270   416.00 
13008026   易县职教                            39.356   115.559    38.06
11010421   大灰厂临时                          39.850   116.113    74.00
13013632   十里铺                              39.187   115.985     8.73
13008123   涞水(税务办公楼)                    39.383   115.719    40.00
13015015   白沟信贷                            39.123   116.034    81.27
13008821   堂二里                              39.139   116.732     7.00
10100200   房山绝对                            39.603   115.885    87.00
10119200   延庆GNSS                            40.370   115.698   578.82
10100100   十三陵绝对                          40.250   116.220   101.00
10100101   十三陵GNSS                          40.251   116.224   154.30
11002322   怀柔                                40.301   116.636    30.00
13072801   黄土湾大桥                          41.082   114.403  1451.1
98000201   怀安GPS引点                         40.686   114.233   943.7
14034101   红涞引点                            39.301   114.402   710.3
14033900   独峪乡                              39.190   114.190   760.0
11003021   延庆临                              40.466   115.992   480.8
10119201   八达岭                              40.365   115.965   555.9
11002802   居庸关临                            40.287   116.072   233.7
99999
13064422   宣华东          40.5366 115.1683  643.95
13064524   宣化牌楼        40.6096 115.0275  589.58
13072100   李家堡          40.6912 115.4064  852.23
13072200   赤城            40.9144 115.8372  885.10
13072301   白草小学        41.1213 116.0722  967.25
13090000   邓栅子          41.2318 116.3257 1050.02
13090101   丰宁            41.2179 116.6319  654.33
13064629   张家口东大街    40.7758 114.8909  715.78
13072402   张家口绝对      40.8280 114.8990  833.00
10107200   张家口GNSS      40.8281 114.9002  832.01
13072600   膳房堡42E       40.9305 114.7229 1074.21
13072701   张北交通管理    41.1650 114.6946 1387.72
13072800   寒淖台17Z       41.0812 114.3738 1503.11
13090400   花儿台8Z        41.1218 114.1065 1463.95
13090401   花儿台8Z临      41.1216 114.1016 1464.95
15024600   团结乡30S       41.0172 113.8284 1267.79
98000100   兴和气象局      40.8767 113.8349 1304.74
98000200   怀安GPS         40.7081 114.2180 1054.22
98050800   天镇            40.4060 114.0869  982.28
98051500   袁家窑          40.2548 114.0873 1195.92
10114700   阳原地震台      40.1256 114.1493  943.70
13064920   阳原            40.1009 114.1602  904.73
13064320   鸡鸣驿          40.4538 115.3112  538.67
13064822   三马坊          40.2308 114.5708  883.81
13064720   深井            40.4056 114.8330 1113.56
14080123   两省界          40.0356 113.9557  901.97
14080220   大同县          40.0339 113.5984 1011.57
98052300   东窑子头        40.0916 114.7207  855.04
98052400   西合营          39.9419 114.7741  896.54
98052500   九辛庄          39.8405 114.7831 1136.78
98000700   上庄乡          39.5267 114.7687 1020.44
14023401   涞源            39.3462 114.7023  857.34
14034100   红涞            39.3017 114.3965  735.91
13072003   东辛庄交通队    39.3982 114.8923  675.15
13072001   双坨涵洞        39.4343 114.9193  672.38
13060320   紫荆关          39.4273 115.1589  506.27
98052200   吉家庄          40.0096 114.8546  890.49
98052100   大堡            40.1056 115.1016 1160.63
13062822   野场            40.1584 115.2728 1046.71
98001200   河东镇          39.8783 115.3095  583.00
98000600   玉斗            39.6713 115.2700  416.89
13060220   泥瓦铺          39.3532 115.1907  177.52
13008026   易县职教        39.3562 115.5590   38.06
13008022   易县政府        39.3488 115.4916   74.88
11000220   地球所          39.9458 116.3098   65.64
11004021   八宝山流动队    39.9130 116.2404   75.60
11010421   大灰厂临时      39.8502 116.1128   88.21
11010320   良乡政府        39.7465 116.1369   45.66
11010922   琉璃河          39.6115 116.0278   31.25
13008320   涿州            39.4801 115.9580   32.47
13008420   宫村            39.4754 116.1384   17.44
13008520   固安            39.4387 116.2936   12.78
13008220   高碑店          39.3289 115.8710   17.77
13013632   十里铺          39.1868 115.9854    9.61
13008123   涞水河北临      39.3823 115.7275   37.84
13008121   涞水球所临      39.3823 115.7195   37.77
11010124   大红门          39.8256 116.3962   41.84
11010223   黄村农商        39.7308 116.3362   86.64
11010520   榆垡            39.5090 116.3157   24.47
13008622   牛坨            39.2668 116.3363   16.01
13008721   霸州三中        39.1327 116.2889    9.53
13013520   板家窝          39.1369 116.1971   18.43
13015015   白沟河北临      39.1233 116.0342   49.24
13015020   白沟            39.1176 116.0342   10.49
13008821   堂二里          39.1389 116.7317    0.64
12012721   农校            39.1595 116.9701    7.62
12012820   工学院天津      39.1777 117.1676   -6.67
11003902   香山(外)        39.9895 116.1938  121.51            
