       ai   CAR
      G873 GCYM 1608120943 13012112 4119.107   1000.0    29.0
      G873 GCYM 1608121020 13012011 4121.445   1000.0    29.0
55555
      G873 GCYM 1608121440 13012011 4121.648   1000.0    36.0
      G873 GCYM 1608121505 13012112 4119.364   1000.0    37.0
55555      
      G873 GCYM 1608130933 13012112 4119.574   1000.0    27.0
      G873 GCYM 1608131041 13012225 4079.776   1000.0    30.0
      G873 GCYM 1608131249 98000900 4034.002    990.0    30.0
      G873 GCYM 1608131436 98000501 3986.617    980.0    29.0
      G873 GCYM 1608131712 14033301 3793.503    900.0    27.0
      G873 GCYM 1608131832 98000501 3986.695    990.0    25.0
      G873 GCYM 1608131926 98000900 4034.154   1008.0    25.0
      G873 GCYM 1608132051 13012225 4080.028   1010.0    25.0
      G873 GCYM 1608132139 13012112 4119.889   1010.0    25.0
55555      
      G873 GCYM 1608141025 13012011 4122.245   1008.0    28.0
      G873 GCYM 1608141100 13015611 4103.311   1010.0    29.0
      G873 GCYM 1608141202 13008025 4127.005   1000.0    29.0
      G873 GCYM 1608141341 13015611 4103.443    992.0    29.0
      G873 GCYM 1608141416 13012011 4122.427   1001.0    29.0
55555      
      G873 GCYM 1608151214 13008025 4127.406   1000.0    25.0
      G873 GCYM 1608151300 13008123 4154.825   1010.0    25.0
      G873 GCYM 1608151407 13008220 4156.422   1010.0    25.0
      G873 GCYM 1608151447 13013632 4129.132   1010.0    25.0
      G873 GCYM 1608151521 13015015 4128.582   1010.0    26.0
      G873 GCYM 1608151548 13013632 4129.205   1010.0    26.0
      G873 GCYM 1608151633 13008220 4156.566   1011.0    26.0
      G873 GCYM 1608151701 13008123 4155.031   1010.0    26.0
      G873 GCYM 1608151746 13008025 4127.659   1011.0    26.0
55555      
      G873 GCYM 1608161010 13009000 4106.736    988.0    28.0
      G873 GCYM 1608161047 13060220 4061.226    985.0    29.0
      G873 GCYM 1608161139 98001400 4047.804    976.0    29.0
      G873 GCYM 1608161405 98000800 4007.992    967.0    28.0
      G873 GCYM 1608161507 98000900 4035.245    980.0    29.0
      G873 GCYM 1608161600 98000800 4008.105    966.0    29.0
      G873 GCYM 1608161728 98001400 4048.090    975.0    29.0
      G873 GCYM 1608161817 13060220 4061.543    981.0    29.0
      G873 GCYM 1608161851 13009000 4107.060    992.0    28.0
55555      
      G873 GCYM 1608171150 13012225 4081.362   1001.0    30.0
      G873 GCYM 1608171332 13015212 4109.239   1000.0    29.0
      G873 GCYM 1608171414 13015113 4138.955   1000.0    29.0
      G873 GCYM 1608171452 13015015 4129.374   1001.0    29.0
      G873 GCYM 1608171528 13015113 4139.041   1000.0    29.0
      G873 GCYM 1608171610 13015212 4109.434   1000.0    28.0
      G873 GCYM 1608171712 13012225 4081.686   1001.0    28.0
55555      
      G873 GCYM 1608180939 13009020 4086.470    998.0    27.0
      G873 GCYM 1608181039 13012225 4081.825    998.0    28.0
      G873 GCYM 1608181146 13009020 4086.425    998.0    28.0
      G873 GCYM 1608181408 13013121 4086.967    987.0    26.0
      G873 GCYM 1608181458 13013210 4096.563    980.0    26.0
      G873 GCYM 1608181550 13014911 4135.862    985.0    26.0
      G873 GCYM 1608181635 13015015 4129.848    985.0    26.0
      G873 GCYM 1608181717 13014911 4135.959    985.0    26.0
      G873 GCYM 1608181807 13013210 4096.769    980.0    26.0
      G873 GCYM 1608181848 13013121 4087.258    980.0    25.0
      G873 GCYM 1608181951 13009020 4086.830    988.0    25.0
55555      
      G873 GCYM 1608191100 13013210 4096.928   1003.0    29.0
      G873 GCYM 1608191144 13013310 4100.209   1003.0    29.0
      G873 GCYM 1608191250 13008721 4118.475   1001.0    29.0
      G873 GCYM 1608191350 13013511 4139.861   1001.0    30.0
      G873 GCYM 1608191424 13015015 4130.165   1003.0    30.0
      G873 GCYM 1608191455 13013511 4139.938   1003.0    29.0
      G873 GCYM 1608191534 13008721 4118.623   1003.0    29.0
      G873 GCYM 1608191635 13013310 4100.426   1003.0    29.0
      G873 GCYM 1608191714 13013210 4097.156   1003.0    29.0
55555      
      G873 GCYM 1608201011 13013310 4100.754   1001.0    26.0
      G873 GCYM 1608201049 13014712 4100.137   1003.0    27.0
      G873 GCYM 1608201139 13014511 4120.652   1003.0    27.0
      G873 GCYM 1608201300 13008821 4123.595   1003.0    30.0
      G873 GCYM 1608201453 13008721 4119.015   1009.0    29.0
      G873 GCYM 1608201607 13008821 4123.714   1003.0    30.0
      G873 GCYM 1608201725 13014511 4120.837   1003.0    25.0
      G873 GCYM 1608201801 13014712 4100.343   1003.0    30.0
      G873 GCYM 1608201842 13013310 4100.992   1003.0    30.0
55555      
      G873 GCYM 1608231117 13023001 4042.724   1010.0    30.0
      G873 GCYM 1608231200 13016013 4072.958   1010.0    33.0
      G873 GCYM 1608231401 13012225 4084.212   1010.0    32.0
      G873 GCYM 1608231557 13016013 4072.979   1010.0    33.0
      G873 GCYM 1608231630 13023001 4042.744   1010.0    33.0
55555      
      G873 GCYM 1608240839 13023001 4043.074    998.0    33.0
      G873 GCYM 1608240941 13016212 4050.995    998.0    33.0
      G873 GCYM 1608241035 13016311 4061.129    998.0    33.0
      G873 GCYM 1608241157 13016411 4064.664    998.0    33.0
      G873 GCYM 1608241400 13016311 4061.157    998.0    33.0
      G873 GCYM 1608241449 13016212 4051.062    998.0    33.0
      G873 GCYM 1608241552 13023001 4043.205    998.0    33.0
55555      
      G873 GCYM 1608250827 13016411 4064.992   1005.0    28.0
      G873 GCYM 1608250942 13013121 4090.110   1005.0    25.0
      G873 GCYM 1608251031 13014814 4097.031   1006.0    33.0
      G873 GCYM 1608251135 13014611 4114.270   1005.0    29.0
      G873 GCYM 1608251318 13014511 4122.947   1005.0    28.0
      G873 GCYM 1608251526 13014611 4114.355   1005.0    28.0
      G873 GCYM 1608251628 13014814 4097.157   1006.0    29.0
      G873 GCYM 1608251712 13013121 4090.290   1006.0    29.0
      G873 GCYM 1608251808 13016411 4065.232   1005.0    28.0
55555      
      G873 GCYM 1608260835 13016411 4065.406   1015.0    26.0
      G873 GCYM 1608260932 13016512 4065.876   1015.0    30.0
      G873 GCYM 1608261021 13016611 4083.209   1015.0    30.0
      G873 GCYM 1608261103 13016713 4076.594   1015.0    30.0
      G873 GCYM 1608261150 13016911 4067.809   1016.0    30.0
      G873 GCYM 1608261241 13016814 4076.111   1016.0    30.0
      G873 GCYM 1608261426 13016911 4067.888   1016.0    33.0
      G873 GCYM 1608261509 13016713 4076.727   1016.0    33.0
      G873 GCYM 1608261549 13016611 4083.406   1016.0    30.0
      G873 GCYM 1608261626 13016512 4066.115   1015.0    30.0
      G873 GCYM 1608261705 13016411 4065.702   1015.0    29.0
55555      
      G873 GCYM 1608271101 12061022 4127.012   1011.0    29.0
      G873 GCYM 1608271141 12061121 4135.105   1011.0    30.0
      G873 GCYM 1608271319 12010010 4120.267   1011.0    31.0
      G873 GCYM 1608271452 13014611 4115.267   1011.0    30.0
      G873 GCYM 1608271532 12010010 4120.338   1011.0    30.0
      G873 GCYM 1608271623 12061121 4135.292   1010.0    30.0
      G873 GCYM 1608271703 12061022 4127.250   1011.0    30.0
55555      
      G873 GCYM 1608280840 12061022 4127.413   1011.0    29.0
      G873 GCYM 1608280928 91060911 4153.417   1011.0    29.0
      G873 GCYM 1608281106 12012820 4153.830   1011.0    30.0
      G873 GCYM 1608281209 12012721 4143.772   1011.0    30.0
      G873 GCYM 1608281308 13008821 4127.266   1011.0    32.0
      G873 GCYM 1608281417 12012721 4143.892   1011.0    30.0
      G873 GCYM 1608281508 12012820 4154.041   1011.0    33.0
      G873 GCYM 1608281657 91060911 4153.723   1011.0    30.0
      G873 GCYM 1608281737 12061022 4127.736   1010.0    29.0
55555      
      G873 GCYM 1608291102 12061022 4127.912   1011.0    29.0
      G873 GCYM 1608291141 91021109 4127.716   1012.0    30.0
      G873 GCYM 1608291218 12061022 4127.980   1011.0    30.0
55555      
      G873 GCYM 1608311340 13016110 4048.486    989.0    32.0
      G873 GCYM 1608311413 13023001 4046.316    989.0    32.0
      G873 GCYM 1608311502 13023101 4047.191    989.0    32.0
      G873 GCYM 1608311551 13023001 4046.435    989.0    35.0
      G873 GCYM 1608311614 13016110 4048.667    989.0    35.0
55555      
      G873 GCYM 1609010946 13095101 4033.859    985.0    29.0
      G873 GCYM 1609011101 13095000 4005.589    985.0    33.0
      G873 GCYM 1609011211 13023101 4047.555    985.0    33.0
      G873 GCYM 1609011426 13095000 4005.687    986.0    33.0
      G873 GCYM 1609011510 13095101 4033.981    986.0    35.0
55555      
      G873 GCYM 1609210900 13016713 4089.738   1018.0    22.0
      G873 GCYM 1609211002 12010010 4132.905   1018.0    23.0
      G873 GCYM 1609211123 13017213 4098.759   1018.0    23.0
      G873 GCYM 1609211215 13016814 4089.185   1018.0    28.0
      G873 GCYM 1609211325 13029000 4090.103   1017.0    30.0
      G873 GCYM 1609211416 37014202 4076.040   1018.0    30.0
      G873 GCYM 1609211513 13029000 4090.136   1017.0    28.0
      G873 GCYM 1609211601 13016814 4089.264   1017.0    28.0
55555      
      G873 GCYM 1609221032 13016814 4089.612   1014.0    25.0
      G873 GCYM 1609221122 13017213 4099.202   1014.0    25.0
      G873 GCYM 1609221328 12010010 4133.401   1014.0    28.0
      G873 GCYM 1609221449 13016713 4090.287   1014.0    25.0
55555      
      G873 GCYM 1609221451 13016713 4090.287   1014.0    25.0
      G873 GCYM 1609221544 13020402 4057.612   1014.0    22.0
      G873 GCYM 1609221641 13020500 4037.679   1014.0    22.0
55555      
      G873 GCYM 1609230936 13020500 4038.082   1010.0    22.0
      G873 GCYM 1609231026 13020600 4030.330   1010.0    22.0
      G873 GCYM 1609231125 37070000 4029.107   1010.0    23.0
      G873 GCYM 1609231241 13020600 4030.417   1010.0    28.0
      G873 GCYM 1609231327 13020500 4038.217   1010.0    28.0
      G873 GCYM 1609231416 13020402 4058.179   1010.0    26.0
      G873 GCYM 1609231500 13016713 4090.873   1010.0    26.0
55555      
      G873 GCYM 1609240943 13016411 4080.111   1008.0    20.0
      G873 GCYM 1609241026 13022300 4066.779   1008.0    23.0
      G873 GCYM 1609241119 13022401 4056.421   1008.0    25.0
      G873 GCYM 1609241207 13022500 4025.574   1008.0    25.0
      G873 GCYM 1609241306 13022600 4027.189   1008.0    27.0
      G873 GCYM 1609241352 13022700 3994.246   1004.0    28.0
      G873 GCYM 1609241433 13030706 3977.608   1008.0    28.0
      G873 GCYM 1609241500 13030606 3978.426   1008.0    28.0
      G873 GCYM 1609241532 13030507 3960.792   1008.0    28.0
      G873 GCYM 1609241601 13032207 3974.070   1008.0    28.0
      G873 GCYM 1609241626 13030507 3960.803   1008.0    28.0
      G873 GCYM 1609241657 13030606 3978.468   1008.0    27.0
      G873 GCYM 1609241725 13030706 3977.661   1008.0    25.0
55555      
      G873 GCYM 1609260923 13030706 3978.419   1001.0    23.0
      G873 GCYM 1609261002 13022800 3966.502   1001.0    23.0
      G873 GCYM 1609261048 13022901 3915.125   1001.0    25.0
      G873 GCYM 1609261130 13021801 3916.645   1001.0    25.0
      G873 GCYM 1609261210 13050709 3879.588   1001.0    25.0
      G873 GCYM 1609261316 13021801 3916.756   1001.0    28.0
      G873 GCYM 1609261351 13022901 3915.308   1000.0    28.0
      G873 GCYM 1609261433 13022800 3966.751   1000.0    28.0
      G873 GCYM 1609261511 13030706 3978.707   1000.0    25.0
55555      
      G873 GCYM 1609270850 13050709 3879.985   1009.0    23.0
      G873 GCYM 1609270932 13050608 3879.096   1009.0    23.0
      G873 GCYM 1609271017 13051209 3885.325   1009.0    25.0
      G873 GCYM 1609271048 13052108 3876.900   1009.0    25.0
      G873 GCYM 1609271116 13051308 3867.752   1009.0    26.0
      G873 GCYM 1609271150 13052008 3879.728   1009.0    25.0
      G873 GCYM 1609271252 13050107 3884.505   1009.0    26.0
      G873 GCYM 1609271326 13052008 3879.805   1009.0    26.0
      G873 GCYM 1609271358 13051308 3867.900   1009.0    25.0
      G873 GCYM 1609271430 13052108 3877.115   1009.0    26.0
      G873 GCYM 1609271500 13051209 3885.561   1009.0    23.0
      G873 GCYM 1609271541 13050608 3879.376   1009.0    23.0
      G873 GCYM 1609271617 13050709 3880.299   1009.0    22.0
55555      
      G873 GCYM 1609280910 13050709 3880.538   1020.0    16.0
      G873 GCYM 1609281006 41003702 3872.104   1020.0    20.0
      G873 GCYM 1609281058 41003602 3859.389   1020.0    20.0
      G873 GCYM 1609281150 41003500 3860.359   1019.0    21.0
      G873 GCYM 1609281233 41003002 3845.603   1020.0    20.0
      G873 GCYM 1609281339 13051308 3868.407   1019.0    25.0
      G873 GCYM 1609281425 41003002 3845.727   1019.0    20.0
      G873 GCYM 1609281509 41003500 3860.576   1020.0    20.0
      G873 GCYM 1609281603 41003602 3859.694   1019.0    23.0
      G873 GCYM 1609281651 41003702 3872.448   1020.0    20.0
      G873 GCYM 1609281748 13050709 3880.882   1020.0    20.0
55555      
      G873 GCYM 1609290924 13050608 3880.213   1015.0    20.0
      G873 GCYM 1609290950 13050508 3890.063   1015.0    20.0
      G873 GCYM 1609291022 13050407 3895.520   1015.0    21.0
      G873 GCYM 1609291106 13050310 3890.418   1015.0    22.0
      G873 GCYM 1609291138 13050208 3897.635   1015.0    22.0
      G873 GCYM 1609291249 13050107 3885.601   1015.0    23.0
      G873 GCYM 1609291331 13050208 3897.727   1015.0    23.0
      G873 GCYM 1609291357 13050310 3890.545   1015.0    22.0
      G873 GCYM 1609291434 13050407 3895.699   1015.0    22.0
      G873 GCYM 1609291502 13050508 3890.262   1015.0    23.0
      G873 GCYM 1609291530 13050608 3880.450   1015.0    23.0
55555
      G873 GCYM 1609300925 13051308 3869.393   1006.0    22.0
      G873 GCYM 1609301025 13051906 3869.745   1005.0    22.0
      G873 GCYM 1609301117 13051807 3835.423   1000.0    23.0
      G873 GCYM 1609301150 13051708 3866.326    980.0    23.0
      G873 GCYM 1609301217 13051606 3887.025    992.0    23.0
      G873 GCYM 1609301335 13050107 3886.166   1002.0    23.0
      G873 GCYM 1609301417 13051606 3887.140    990.0    23.0
      G873 GCYM 1609301443 13051708 3866.473    990.0    23.0
      G873 GCYM 1609301516 13051807 3835.630    990.0    23.0
      G873 GCYM 1609301550 13051906 3869.978   1000.0    23.0
      G873 GCYM 1609301651 13051308 3869.668   1002.0    23.0
55555
      G873 GCYM 1610010923 13050107 3886.676   1007.0    20.0
      G873 GCYM 1610011031 13023701 3902.071   1005.0    22.0
      G873 GCYM 1610011036 13023700 3901.875   1005.0    22.0
      G873 GCYM 1610011044 13023701 3902.068   1005.0    22.0
      G873 GCYM 1610011158 13023600 3951.203   1005.0    22.0
      G873 GCYM 1610011325 13030308 3963.612   1005.0    22.0
      G873 GCYM 1610011342 13030206 3968.052   1005.0    22.0
      G873 GCYM 1610011400 13030308 3963.630   1005.0    23.0
      G873 GCYM 1610011447 13023600 3951.326   1005.0    23.0
      G873 GCYM 1610011603 13023701 3902.284   1005.0    22.0
      G873 GCYM 1610011642 13050107 3886.888   1016.0    19.0
55555
      G873 GCYM 1610021003 13030206 3968.575   1000.0    20.0
      G873 GCYM 1610021025 13030105 3988.718   1000.0    22.0
      G873 GCYM 1610021050 13031806 4000.127   1000.0    22.0
      G873 GCYM 1610021124 13031706 3994.334   1000.0    22.0
      G873 GCYM 1610021249 13031511 4007.888   1000.0    23.0
      G873 GCYM 1610021332 13031706 3994.373   1000.0    23.0
      G873 GCYM 1610021402 13031806 4000.188   1000.0    23.0
      G873 GCYM 1610021428 13030105 3988.790   1000.0    23.0
      G873 GCYM 1610021444 13030206 3968.650   1000.0    23.0
55555
      G873 GCYM 1610021500 13030308 3964.238   1000.0    25.0
      G873 GCYM 1610021521 13030406 3963.172   1000.0    25.0
      G873 GCYM 1610021607 13030507 3965.108   1000.0    25.0
      G873 GCYM 1610021628 13030406 3963.229   1000.0    25.0
      G873 GCYM 1610021650 13030308 3964.343   1000.0    25.0
55555
      G873 GCYM 1610030855 13031410 4004.032   1005.0    20.0
      G873 GCYM 1610031008 13031207 4007.140   1005.0    20.0
      G873 GCYM 1610031036 13031106 4011.063   1005.0    23.0
      G873 GCYM 1610031108 13031006 4005.732   1005.0    25.0
      G873 GCYM 1610031126 13030907 4003.954   1005.0    25.0
      G873 GCYM 1610031150 13030806 3997.432   1005.0    25.0
      G873 GCYM 1610031216 13030706 3982.336   1005.0    28.0
      G873 GCYM 1610031309 13030806 3997.460   1005.0    25.0
      G873 GCYM 1610031333 13030907 4004.003   1005.0    28.0
      G873 GCYM 1610031353 13031006 4005.806   1005.0    28.0
      G873 GCYM 1610031413 13031106 4011.125   1005.0    28.0
      G873 GCYM 1610031436 13031207 4007.191   1005.0    28.0
      G873 GCYM 1610031543 13031410 4004.139   1005.0    28.0
55555
      G873 GCYM 1610040846 13031410 4004.574   1009.0    20.0
      G873 GCYM 1610040921 13032409 3994.975   1009.0    20.0
      G873 GCYM 1610040951 13030907 4004.536   1009.0    21.0
      G873 GCYM 1610041022 13032306 3986.643   1009.0    22.0
      G873 GCYM 1610041055 13032207 3979.334   1009.0    22.0
      G873 GCYM 1610041116 13032106 3990.050   1009.0    25.0
      G873 GCYM 1610041138 13030105 3989.851   1009.0    26.0
      G873 GCYM 1610041222 13032106 3990.056   1009.0    28.0
      G873 GCYM 1610041244 13032207 3979.359   1009.0    29.0
      G873 GCYM 1610041309 13032306 3986.660   1009.0    30.0
      G873 GCYM 1610041334 13030907 4004.552   1009.0    30.0
      G873 GCYM 1610041400 13032409 3995.006   1009.0    30.0
      G873 GCYM 1610041428 13031410 4004.615   1009.0    30.0
55555
      G873 GCYM 1610050850 13031410 4005.108   1015.0    20.0
      G873 GCYM 1610050918 13031511 4009.556   1015.0    20.0
      G873 GCYM 1610051022 13023500 4013.372   1015.0    23.0
      G873 GCYM 1610051143 13095101 4051.783   1015.0    23.0
      G873 GCYM 1610051255 13095200 3997.143    992.0    25.0
      G873 GCYM 1610051340 13095101 4051.789   1010.0    26.0
      G873 GCYM 1610051452 13023500 4013.418   1015.0    28.0
      G873 GCYM 1610051549 13031511 4009.653   1015.0    26.0
      G873 GCYM 1610051617 13031410 4005.228   1015.0    26.0
55555
      G873 GCYM 1610060922 13030706 3983.984   1020.0    19.0
      G873 GCYM 1610060958 13022700 4000.659   1020.0    20.0
      G873 GCYM 1610061041 13022600 4033.639   1020.0    20.0
      G873 GCYM 1610061125 13022500 4032.070   1020.0    23.0
      G873 GCYM 1610061310 13022401 4062.975   1021.0    23.0
      G873 GCYM 1610061356 13022300 4073.383   1020.0    23.0
      G873 GCYM 1610061433 13016411 4086.764   1021.0    23.0
55555
      G873 GCYM 1610100915 37070301 3963.610   1018.0    16.0
      G873 GCYM 1610101016 37070201 3988.010   1018.0    16.0
      G873 GCYM 1610101141 10220000 4022.793   1018.0    18.0
      G873 GCYM 1610101322 37070100 4019.914   1018.0    20.0
      G873 GCYM 1610101400 37070000 4038.427   1018.0    19.0
      G873 GCYM 1610101444 37070100 4019.947   1018.0    19.0
      G873 GCYM 1610101525 10220000 4022.926   1018.0    19.0
      G873 GCYM 1610101641 37070201 3988.237   1018.0    17.0
      G873 GCYM 1610101735 37070301 3963.904   1018.0    19.0
55555
      G873 GCYM 1610110935 37070301 3964.156   1018.0    19.0
      G873 GCYM 1610111007 37033502 3954.521   1018.0    22.0
      G873 GCYM 1610111053 37033501 3942.191   1018.0    20.0
      G873 GCYM 1610111133 37017000 3928.256   1018.0    22.0
      G873 GCYM 1610111332 37014600 3942.405   1019.0    23.0
      G873 GCYM 1610111433 37070400 3940.900   1019.0    23.0
      G873 GCYM 1610111525 37070500 3911.802   1018.0    23.0
      G873 GCYM 1610111635 37070601 3917.752   1018.0    23.0
      G873 GCYM 1610111742 13021801 3925.062   1018.0    20.0
55555 
      G873 GCYM 1610120917 13021801 3925.318   1020.0    19.0
      G873 GCYM 1610121023 37070601 3918.045   1019.0    20.0
      G873 GCYM 1610121116 37070500 3912.147   1019.0    20.0
      G873 GCYM 1610121221 37070400 3941.351   1019.0    22.0
      G873 GCYM 1610121434 37014600 3943.022   1019.0    22.0
      G873 GCYM 1610121543 37017000 3929.014   1019.0    23.0
      G873 GCYM 1610121621 37033501 3942.999   1019.0    22.0
      G873 GCYM 1610121703 37033502 3955.371   1019.0    22.0
      G873 GCYM 1610121733 37070301 3965.038   1019.0    20.0
99999