       ai   CAR
      G859 GCYM 1608120944 13012112 3879.431   1000.0    29.0
      G859 GCYM 1608121028 13012011 3881.797   1000.0    29.0
      G859 GCYM 1608121105 13015611 3862.879    999.0    33.0
      G859 GCYM 1608121307 13008025 3886.671   1000.0    36.0
      G859 GCYM 1608121401 13015611 3863.079   1000.0    36.0
      G859 GCYM 1608121433 13012011 3882.077   1000.0    36.0
      G859 GCYM 1608121505 13012112 3879.808   1000.0    37.0
55555      
      G859 GCYM 1608130933 13012112 3880.445   1000.0    27.0
      G859 GCYM 1608131041 13012225 3840.674   1000.0    30.0
      G859 GCYM 1608131249 98000900 3794.942    990.0    30.0
      G859 GCYM 1608131436 98000501 3747.599    980.0    29.0
      G859 GCYM 1608131714 14033301 3554.453    900.0    27.0
      G859 GCYM 1608131832 98000501 3747.789    990.0    25.0
      G859 GCYM 1608131925 98000900 3795.285   1008.0    25.0
      G859 GCYM 1608132051 13012225 3841.220   1010.0    25.0
      G859 GCYM 1608132139 13012112 3881.119   1010.0    25.0
55555      
      G859 GCYM 1608141101 13015611 3864.783   1010.0    29.0
      G859 GCYM 1608141202 13008025 3888.511   1000.0    29.0
      G859 GCYM 1608141341 13015611 3864.993    992.0    29.0
      G859 GCYM 1608141422 13012011 3884.014   1001.0    29.0
55555      
      G859 GCYM 1608151214 13008025 3889.485   1000.0    25.0
      G859 GCYM 1608151300 13008123 3916.928   1010.0    25.0
      G859 GCYM 1608151407 13008220 3918.577   1010.0    25.0
      G859 GCYM 1608151447 13013632 3891.303   1010.0    25.0
      G859 GCYM 1608151521 13015015 3890.754   1010.0    26.0
      G859 GCYM 1608151547 13013632 3891.391   1010.0    26.0
      G859 GCYM 1608151632 13008220 3918.777   1011.0    26.0
      G859 GCYM 1608151703 13008123 3917.239   1010.0    26.0
      G859 GCYM 1608151746 13008025 3889.889   1011.0    26.0
55555      
      G859 GCYM 1608161009 13009000 3869.391    988.0    28.0
      G859 GCYM 1608161051 13060220 3823.881    985.0    29.0
      G859 GCYM 1608161139 98001400 3810.486    976.0    29.0
      G859 GCYM 1608161402 98000800 3770.733    967.0    28.0
      G859 GCYM 1608161506 98000900 3798.046    980.0    29.0
      G859 GCYM 1608161600 98000800 3770.906    966.0    29.0
      G859 GCYM 1608161728 98001400 3810.947    975.0    29.0
      G859 GCYM 1608161817 13060220 3824.411    981.0    29.0
      G859 GCYM 1608161846 13009000 3869.956    992.0    28.0
55555      
      G859 GCYM 1608171151 13012225 3844.688   1001.0    30.0
      G859 GCYM 1608171333 13015212 3872.622   1000.0    29.0
      G859 GCYM 1608171414 13015113 3902.346   1000.0    29.0
      G859 GCYM 1608171451 13015015 3892.755   1001.0    29.0
      G859 GCYM 1608171528 13015113 3902.471   1000.0    29.0
      G859 GCYM 1608171608 13015212 3872.868   1000.0    28.0
      G859 GCYM 1608171712 13012225 3845.152   1001.0    28.0
55555      
      G859 GCYM 1608180940 13009020 3850.375    998.0    27.0
      G859 GCYM 1608181039 13012225 3845.756    998.0    28.0
      G859 GCYM 1608181146 13009020 3850.389    998.0    28.0
      G859 GCYM 1608181408 13013121 3851.002    987.0    26.0
      G859 GCYM 1608181458 13013210 3860.612    980.0    26.0
      G859 GCYM 1608181548 13014911 3899.954    985.0    26.0
      G859 GCYM 1608181630 13015015 3893.963    985.0    26.0
      G859 GCYM 1608181717 13014911 3900.082    985.0    26.0
      G859 GCYM 1608181807 13013210 3860.892    980.0    26.0
      G859 GCYM 1608181846 13013121 3851.394    980.0    25.0
      G859 GCYM 1608181951 13009020 3850.988    988.0    25.0
55555      
      G859 GCYM 1608191100 13013210 3861.475   1003.0    29.0
      G859 GCYM 1608191144 13013310 3864.793   1003.0    29.0
      G859 GCYM 1608191250 13008721 3883.089   1001.0    29.0
      G859 GCYM 1608191350 13013511 3904.501   1001.0    30.0
      G859 GCYM 1608191422 13015015 3894.822   1003.0    30.0
      G859 GCYM 1608191455 13013511 3904.585   1003.0    29.0
      G859 GCYM 1608191534 13008721 3883.299   1003.0    29.0
      G859 GCYM 1608191635 13013310 3865.127   1003.0    29.0
      G859 GCYM 1608191714 13013210 3861.899   1003.0    29.0      
55555      
      G859 GCYM 1608201013 13013310 3865.916   1001.0    26.0
      G859 GCYM 1608201048 13014712 3865.301   1003.0    27.0
      G859 GCYM 1608201136 13014511 3885.832   1003.0    27.0
      G859 GCYM 1608201300 13008821 3888.825   1003.0    30.0
      G859 GCYM 1608201452 13008721 3884.309   1009.0    29.0
      G859 GCYM 1608201607 13008821 3889.044   1003.0    30.0
      G859 GCYM 1608201723 13014511 3886.201   1003.0    25.0
      G859 GCYM 1608201801 13014712 3865.725   1003.0    30.0
      G859 GCYM 1608201842 13013310 3866.386   1003.0    30.0
55555      
      G859 GCYM 1608231117 13023001 3809.869   1010.0    30.0
      G859 GCYM 1608231200 13016013 3840.135   1010.0    33.0
      G859 GCYM 1608231400 13012225 3851.444   1010.0    32.0
      G859 GCYM 1608231556 13016013 3840.260   1010.0    33.0
      G859 GCYM 1608231630 13023001 3810.053   1010.0    33.0
55555      
      G859 GCYM 1608240839 13023001 3810.821    998.0    33.0
      G859 GCYM 1608240941 13016212 3818.775    998.0    33.0
      G859 GCYM 1608241036 13016311 3828.945    998.0    33.0
      G859 GCYM 1608241157 13016411 3832.522    998.0    33.0
      G859 GCYM 1608241358 13016311 3829.091    998.0    33.0
      G859 GCYM 1608241449 13016212 3819.005    998.0    33.0
      G859 GCYM 1608241549 13023001 3811.164    998.0    33.0
55555      
      G859 GCYM 1608250826 13016411 3833.411   1005.0    28.0
      G859 GCYM 1608250941 13013121 3858.583   1005.0    25.0
      G859 GCYM 1608251031 13014814 3865.532   1006.0    33.0
      G859 GCYM 1608251135 13014611 3882.840   1005.0    29.0
      G859 GCYM 1608251317 13014511 3891.566   1005.0    28.0
      G859 GCYM 1608251526 13014611 3883.021   1005.0    28.0
      G859 GCYM 1608251630 13014814 3865.832   1006.0    29.0
      G859 GCYM 1608251712 13013121 3858.970   1006.0    29.0
      G859 GCYM 1608251808 13016411 3833.926   1005.0    28.0
55555      
      G859 GCYM 1608260833 13016411 3834.516   1015.0    26.0
      G859 GCYM 1608260932 13016512 3835.007   1015.0    30.0
      G859 GCYM 1608261021 13016611 3852.375   1015.0    30.0
      G859 GCYM 1608261106 13016713 3845.784   1015.0    30.0
      G859 GCYM 1608261150 13016911 3837.013   1016.0    30.0
      G859 GCYM 1608261241 13016814 3845.339   1016.0    30.0
      G859 GCYM 1608261425 13016911 3837.183   1016.0    33.0
      G859 GCYM 1608261509 13016713 3846.042   1016.0    33.0
      G859 GCYM 1608261549 13016611 3852.700   1016.0    30.0
      G859 GCYM 1608261626 13016512 3835.439   1015.0    30.0
      G859 GCYM 1608261705 13016411 3835.039   1015.0    29.0
55555
      G859 GCYM 1608271100 12061022 3896.901   1011.0    29.0
      G859 GCYM 1608271140 12061121 3905.010   1011.0    30.0
      G859 GCYM 1608271321 12010010 3890.228   1011.0    31.0
      G859 GCYM 1608271451 13014611 3885.281   1011.0    30.0
      G859 GCYM 1608271532 12010010 3890.377   1011.0    30.0
      G859 GCYM 1608271625 12061121 3905.346   1010.0    30.0
      G859 GCYM 1608271703 12061022 3897.312   1011.0    30.0
55555      
      G859 GCYM 1608280839 12061022 3897.878   1011.0    29.0
      G859 GCYM 1608280928 91060911 3923.918   1011.0    29.0
      G859 GCYM 1608281105 12012820 3924.391   1011.0    30.0
      G859 GCYM 1608281208 12012721 3914.382   1011.0    30.0
      G859 GCYM 1608281308 13008821 3897.901   1011.0    32.0
      G859 GCYM 1608281417 12012721 3914.553   1011.0    30.0
      G859 GCYM 1608281507 12012820 3924.722   1011.0    33.0
      G859 GCYM 1608281657 91060911 3924.463   1011.0    30.0
      G859 GCYM 1608281737 12061022 3898.482   1010.0    29.0
55555      
      G859 GCYM 1608291101 12061022 3899.135   1011.0    29.0
      G859 GCYM 1608291141 91021109 3898.965   1012.0    30.0
      G859 GCYM 1608291217 12061022 3899.232   1011.0    30.0
55555      
      G859 GCYM 1608311347 13016110 3821.264    989.0    32.0
      G859 GCYM 1608311411 13023001 3819.092    989.0    32.0
      G859 GCYM 1608311507 13023101 3819.980    989.0    32.0
      G859 GCYM 1608311551 13023001 3819.230    989.0    35.0
      G859 GCYM 1608311621 13016110 3821.483    989.0    35.0
55555      
      G859 GCYM 1609010946 13095101 3807.170    985.0    29.0
      G859 GCYM 1609011100 13095000 3778.918    985.0    33.0
      G859 GCYM 1609011213 13023101 3820.924    985.0    33.0
      G859 GCYM 1609011428 13095000 3779.111    986.0    33.0
      G859 GCYM 1609011510 13095101 3807.431    986.0    35.0
55555      
      G859 GCYM 1609210858 13016713 3877.899   1018.0    22.0
      G859 GCYM 1609211002 12010010 3921.117   1018.0    23.0
      G859 GCYM 1609211123 13017213 3887.012   1018.0    23.0
      G859 GCYM 1609211213 13016814 3877.477   1018.0    28.0
      G859 GCYM 1609211324 13029000 3878.420   1017.0    30.0
      G859 GCYM 1609211416 37014202 3864.379   1018.0    30.0
      G859 GCYM 1609211513 13029000 3878.511   1017.0    28.0
      G859 GCYM 1609211601 13016814 3877.667   1017.0    28.0
55555      
      G859 GCYM 1609221032 13016814 3878.721   1014.0    25.0
      G859 GCYM 1609221122 13017213 3888.330   1014.0    25.0
      G859 GCYM 1609221328 12010010 3922.584   1014.0    28.0
      G859 GCYM 1609221448 13016713 3879.488   1014.0    25.0
55555      
      G859 GCYM 1609221452 13016713 3879.488   1014.0    25.0
      G859 GCYM 1609221544 13020402 3846.834   1014.0    22.0
      G859 GCYM 1609221637 13020500 3826.926   1014.0    22.0
55555      
      G859 GCYM 1609230931 13020500 3827.988   1010.0    22.0
      G859 GCYM 1609231026 13020600 3820.268   1010.0    22.0
      G859 GCYM 1609231121 37070000 3819.050   1010.0    23.0
      G859 GCYM 1609231241 13020600 3820.397   1010.0    28.0
      G859 GCYM 1609231323 13020500 3828.212   1010.0    28.0
      G859 GCYM 1609231416 13020402 3848.189   1010.0    26.0
      G859 GCYM 1609231500 13016713 3880.925   1010.0    26.0
55555      
      G859 GCYM 1609240939 13016411 3870.705   1008.0    20.0
      G859 GCYM 1609241027 13022300 3857.404   1008.0    23.0
      G859 GCYM 1609241118 13022401 3847.073   1008.0    25.0
      G859 GCYM 1609241211 13022500 3816.262   1008.0    25.0
      G859 GCYM 1609241300 13022600 3817.897   1008.0    27.0
      G859 GCYM 1609241348 13022700 3784.983   1004.0    28.0
      G859 GCYM 1609241433 13030706 3768.374   1008.0    28.0
      G859 GCYM 1609241500 13030606 3769.205   1008.0    28.0
      G859 GCYM 1609241532 13030507 3751.581   1008.0    28.0
      G859 GCYM 1609241601 13032207 3764.877   1008.0    28.0
      G859 GCYM 1609241628 13030507 3751.626   1008.0    28.0
      G859 GCYM 1609241657 13030606 3769.296   1008.0    27.0
      G859 GCYM 1609241723 13030706 3768.516   1008.0    25.0
55555      
      G859 GCYM 1609260922 13030706 3770.574   1001.0    23.0
      G859 GCYM 1609261002 13022800 3758.684   1001.0    23.0
      G859 GCYM 1609261049 13022901 3707.325   1001.0    25.0
      G859 GCYM 1609261130 13021801 3708.869   1001.0    25.0
      G859 GCYM 1609261214 13050709 3671.816   1001.0    25.0
      G859 GCYM 1609261316 13021801 3709.024   1001.0    28.0
      G859 GCYM 1609261350 13022901 3707.600   1000.0    28.0
      G859 GCYM 1609261433 13022800 3759.077   1000.0    28.0
      G859 GCYM 1609261510 13030706 3771.045   1000.0    25.0
55555      
      G859 GCYM 1609270850 13050709 3673.079   1009.0    23.0
      G859 GCYM 1609270932 13050608 3672.209   1009.0    23.0
      G859 GCYM 1609271016 13051209 3678.471   1009.0    25.0
      G859 GCYM 1609271043 13052108 3670.058   1009.0    25.0
      G859 GCYM 1609271115 13051308 3660.907   1009.0    26.0
      G859 GCYM 1609271149 13052008 3672.888   1009.0    25.0
      G859 GCYM 1609271252 13050107 3677.725   1009.0    26.0
      G859 GCYM 1609271326 13052008 3673.020   1009.0    26.0
      G859 GCYM 1609271357 13051308 3661.115   1009.0    25.0
      G859 GCYM 1609271427 13052108 3670.339   1009.0    26.0
      G859 GCYM 1609271458 13051209 3678.815   1009.0    23.0
      G859 GCYM 1609271541 13050608 3672.634   1009.0    23.0
      G859 GCYM 1609271617 13050709 3673.564   1009.0    22.0
55555      
      G859 GCYM 1609280909 13050709 3674.323   1020.0    16.0
      G859 GCYM 1609281006 41003702 3665.927   1020.0    20.0
      G859 GCYM 1609281058 41003602 3653.247   1020.0    20.0
      G859 GCYM 1609281149 41003500 3654.240   1019.0    21.0
      G859 GCYM 1609281231 41003002 3639.479   1020.0    20.0
      G859 GCYM 1609281340 13051308 3662.339   1019.0    25.0
      G859 GCYM 1609281424 41003002 3639.669   1019.0    20.0
      G859 GCYM 1609281510 41003500 3654.559   1020.0    20.0
      G859 GCYM 1609281603 41003602 3653.699   1019.0    23.0
      G859 GCYM 1609281651 41003702 3666.466   1020.0    20.0
      G859 GCYM 1609281746 13050709 3674.935   1020.0    20.0
55555      
      G859 GCYM 1609290925 13050608 3674.774   1015.0    20.0
      G859 GCYM 1609290952 13050508 3684.641   1015.0    20.0
      G859 GCYM 1609291021 13050407 3690.112   1015.0    21.0
      G859 GCYM 1609291106 13050310 3685.052   1015.0    22.0
      G859 GCYM 1609291133 13050208 3692.275   1015.0    22.0
      G859 GCYM 1609291248 13050107 3680.268   1015.0    23.0
      G859 GCYM 1609291331 13050208 3692.439   1015.0    23.0
      G859 GCYM 1609291356 13050310 3685.278   1015.0    22.0
      G859 GCYM 1609291433 13050407 3690.431   1015.0    22.0
      G859 GCYM 1609291506 13050508 3685.028   1015.0    23.0
      G859 GCYM 1609291528 13050608 3675.210   1015.0    23.0
55555      
      G859 GCYM 1609300925 13051308 3664.778   1006.0    22.0
      G859 GCYM 1609301027 13051906 3665.158   1005.0    22.0
      G859 GCYM 1609301117 13051807 3630.859   1000.0    23.0
      G859 GCYM 1609301150 13051708 3661.773    980.0    23.0
      G859 GCYM 1609301216 13051606 3682.473    992.0    23.0
      G859 GCYM 1609301334 13050107 3681.641   1002.0    23.0
      G859 GCYM 1609301417 13051606 3682.637    990.0    23.0
      G859 GCYM 1609301441 13051708 3661.994    990.0    23.0
      G859 GCYM 1609301516 13051807 3631.176    990.0    23.0
      G859 GCYM 1609301549 13051906 3665.548   1000.0    23.0
      G859 GCYM 1609301651 13051308 3665.274   1002.0    23.0
55555
      G859 GCYM 1610010922 13050107 3682.829   1007.0    20.0
      G859 GCYM 1610011030 13023701 3698.270   1005.0    22.0
      G859 GCYM 1610011033 13023700 3698.069   1005.0    22.0
      G859 GCYM 1610011041 13023701 3698.253   1005.0    22.0
      G859 GCYM 1610011203 13023600 3747.437   1005.0    22.0
      G859 GCYM 1610011325 13030308 3759.891   1005.0    22.0
      G859 GCYM 1610011342 13030206 3764.336   1005.0    22.0
      G859 GCYM 1610011400 13030308 3759.931   1005.0    23.0
      G859 GCYM 1610011451 13023600 3747.633   1005.0    23.0
      G859 GCYM 1610011557 13023701 3698.593   1005.0    22.0
      G859 GCYM 1610011642 13050107 3683.238   1016.0    19.0
55555      
      G859 GCYM 1610021001 13030206 3765.535   1000.0    20.0
      G859 GCYM 1610021024 13030105 3785.681   1000.0    22.0
      G859 GCYM 1610021050 13031806 3797.115   1000.0    22.0
      G859 GCYM 1610021122 13031706 3791.343   1000.0    22.0
      G859 GCYM 1610021251 13031511 3804.956   1000.0    23.0
      G859 GCYM 1610021327 13031706 3791.450   1000.0    23.0
      G859 GCYM 1610021402 13031806 3797.278   1000.0    23.0
      G859 GCYM 1610021426 13030105 3785.892   1000.0    23.0
      G859 GCYM 1610021443 13030206 3765.769   1000.0    23.0
55555
      G859 GCYM 1610021500 13030308 3761.362   1000.0    25.0
      G859 GCYM 1610021521 13030406 3760.306   1000.0    25.0
      G859 GCYM 1610021605 13030507 3762.260   1000.0    25.0
      G859 GCYM 1610021628 13030406 3760.417   1000.0    25.0
      G859 GCYM 1610021648 13030308 3761.532   1000.0    25.0
55555
      G859 GCYM 1610030853 13031410 3801.753   1005.0    20.0
      G859 GCYM 1610031007 13031207 3804.883   1005.0    20.0
      G859 GCYM 1610031035 13031106 3808.846   1005.0    23.0
      G859 GCYM 1610031107 13031006 3803.551   1005.0    25.0
      G859 GCYM 1610031128 13030907 3801.765   1005.0    25.0
      G859 GCYM 1610031150 13030806 3795.253   1005.0    25.0
      G859 GCYM 1610031217 13030706 3780.178   1005.0    28.0
      G859 GCYM 1610031310 13030806 3795.318   1005.0    25.0
      G859 GCYM 1610031332 13030907 3801.857   1005.0    28.0
      G859 GCYM 1610031352 13031006 3803.666   1005.0    28.0
      G859 GCYM 1610031411 13031106 3809.005   1005.0    28.0
      G859 GCYM 1610031438 13031207 3805.081   1005.0    28.0
      G859 GCYM 1610031543 13031410 3802.067   1005.0    28.0
55555      
      G859 GCYM 1610040846 13031410 3803.086   1009.0    20.0
      G859 GCYM 1610040921 13032409 3793.510   1009.0    20.0
      G859 GCYM 1610040947 13030907 3803.080   1009.0    21.0
      G859 GCYM 1610041019 13032306 3785.212   1009.0    22.0
      G859 GCYM 1610041053 13032207 3777.920   1009.0    22.0
      G859 GCYM 1610041114 13032106 3788.648   1009.0    25.0
      G859 GCYM 1610041136 13030105 3788.448   1009.0    26.0
      G859 GCYM 1610041222 13032106 3788.699   1009.0    28.0
      G859 GCYM 1610041246 13032207 3778.008   1009.0    29.0
      G859 GCYM 1610041309 13032306 3785.337   1009.0    30.0
      G859 GCYM 1610041335 13030907 3803.230   1009.0    30.0
      G859 GCYM 1610041400 13032409 3793.687   1009.0    30.0
      G859 GCYM 1610041428 13031410 3803.316   1009.0    30.0
55555
      G859 GCYM 1610050850 13031410 3804.423   1015.0    20.0
      G859 GCYM 1610050918 13031511 3808.884   1015.0    20.0
      G859 GCYM 1610051017 13023500 3812.728   1015.0    23.0
      G859 GCYM 1610051143 13095101 3851.219   1015.0    23.0
      G859 GCYM 1610051255 13095200 3796.613    992.0    25.0
      G859 GCYM 1610051341 13095101 3851.308   1010.0    26.0
      G859 GCYM 1610051452 13023500 3812.937   1015.0    28.0
      G859 GCYM 1610051550 13031511 3809.193   1015.0    26.0
      G859 GCYM 1610051616 13031410 3804.780   1015.0    26.0
55555
      G859 GCYM 1610060919 13030706 3784.123   1020.0    19.0
      G859 GCYM 1610061003 13022700 3800.810   1020.0    20.0
      G859 GCYM 1610061036 13022600 3833.801   1020.0    20.0
      G859 GCYM 1610061131 13022500 3832.259   1020.0    23.0
      G859 GCYM 1610061308 13022401 3863.219   1021.0    23.0
      G859 GCYM 1610061357 13022300 3873.654   1020.0    23.0
      G859 GCYM 1610061433 13016411 3887.048   1021.0    23.0
55555
      G859 GCYM 1610100914 37070301 3766.973   1018.0    16.0
      G859 GCYM 1610101010 37070201 3791.396   1018.0    16.0
      G859 GCYM 1610101141 10220000 3826.228   1018.0    18.0
      G859 GCYM 1610101322 37070100 3823.403   1018.0    20.0
      G859 GCYM 1610101408 37070000 3841.964   1018.0    19.0
      G859 GCYM 1610101446 37070100 3823.501   1018.0    19.0
      G859 GCYM 1610101525 10220000 3826.498   1018.0    19.0
      G859 GCYM 1610101642 37070201 3791.836   1018.0    17.0
      G859 GCYM 1610101735 37070301 3767.528   1018.0    19.0
55555
      G859 GCYM 1610110936 37070301 3768.344   1018.0    19.0
      G859 GCYM 1610111007 37033502 3758.721   1018.0    22.0
      G859 GCYM 1610111055 37033501 3746.422   1018.0    20.0
      G859 GCYM 1610111133 37017000 3732.504   1018.0    22.0
      G859 GCYM 1610111331 37014600 3746.709   1019.0    23.0
      G859 GCYM 1610111441 37070400 3745.254   1019.0    23.0
      G859 GCYM 1610111525 37070500 3716.177   1018.0    23.0
      G859 GCYM 1610111632 37070601 3722.179   1018.0    23.0
      G859 GCYM 1610111741 13021801 3729.546   1018.0    20.0
55555 
      G859 GCYM 1610120917 13021801 3730.311   1020.0    19.0
      G859 GCYM 1610121025 37070601 3723.071   1019.0    20.0
      G859 GCYM 1610121118 37070500 3717.182   1019.0    20.0
      G859 GCYM 1610121214 37070400 3746.397   1019.0    22.0
      G859 GCYM 1610121435 37014600 3748.149   1019.0    22.0
      G859 GCYM 1610121547 37017000 3734.196   1019.0    23.0
      G859 GCYM 1610121623 37033501 3748.210   1019.0    22.0
      G859 GCYM 1610121703 37033502 3760.610   1019.0    22.0
      G859 GCYM 1610121733 37070301 3770.287   1019.0    20.0
99999