       ai   CAR
      C097 GCYM 1603041118 14080220 5094.206    926.0    10.0
      C097 GCYM 1603041240 14080123 5108.684    938.0    10.0
      C097 GCYM 1603041328 14080220 5094.222    928.0    10.0
55555
      C097 GCYM 1603100831 13064920 5133.241    955.0    -3.0
      C097 GCYM 1603100939 13064822 5140.840    960.0    -2.0
      C097 GCYM 1603101015 98052300 5155.955    962.0    -2.0
      C097 GCYM 1603101048 13064822 5140.734    956.0    -1.0
      C097 GCYM 1603101125 13064720 5140.075    930.0     0.0
      C097 GCYM 1603101210 13064422 5259.740    980.0     0.0
      C097 GCYM 1603101243 13064320 5267.521    991.0     0.0
      C097 GCYM 1603101410 13064422 5259.728    978.0     0.0
      C097 GCYM 1603101452 13064720 5140.064    924.0     0.0
      C097 GCYM 1603101528 13064822 5140.710    954.0     1.0
      C097 GCYM 1603101626 13064920 5133.083    948.0     1.0
55555
      C097 GCYM 1603110823 13064920 5133.187    943.0     0.0
      C097 GCYM 1603110855 14080123 5109.475    950.0     1.0
55555
      C097 GCYM 1603111116 14080123 5109.432    944.0     3.0
      C097 GCYM 1603111147 13064920 5133.108    946.0     3.0
      C097 GCYM 1603111252 10114700 5135.501    936.0    18.0
      C097 GCYM 1603111341 98051500 5104.948    904.0     4.0
      C097 GCYM 1603111407 98050800 5128.939    932.0     4.0
      C097 GCYM 1603111432 98051500 5104.957    910.0     4.0
      C097 GCYM 1603111505 10114700 5135.525    935.0    18.0
      C097 GCYM 1603111527 13064920 5133.059    940.0     4.0
55555
      C097 GCYM 1603121121 98052400 5118.410    934.0     5.0
      C097 GCYM 1603121149 98052300 5156.166    940.0     6.0
      C097 GCYM 1603121213 98052400 5118.342    938.0     6.0
55555
      C097 GCYM 1603140858 13064620 5251.819    971.0     3.0
      C097 GCYM 1603140927 13072402 5228.725    962.0    15.0
      C097 GCYM 1603141016 13064620 5251.808    971.0     5.0
      C097 GCYM 1603141109 13064422 5260.086    971.0     5.0
      C097 GCYM 1603141200 13064524 5270.572    981.0     7.0
      C097 GCYM 1603141249 13064422 5260.037    974.0     7.0
      C097 GCYM 1603141335 13064620 5251.724    960.0     7.0
55555
      C097 GCYM 1603211125 13064524 5270.130    976.0    12.0
      C097 GCYM 1603211300 13072100 5211.204    946.0    12.0
      C097 GCYM 1603211409 13072200 5221.770    939.0    18.0
      C097 GCYM 1603211523 13072301 5199.362    928.0    19.0
      C097 GCYM 1603211610 13090000 5184.154    924.0    18.0
      C097 GCYM 1603211719 13090101 5294.330    967.0    20.0
55555
      C097 GCYM 1603220821 13090101 5294.319    976.0     8.0
      C097 GCYM 1603220910 13090000 5184.114    933.0     6.0
      C097 GCYM 1603220952 13072301 5199.302    937.0     9.0
      C097 GCYM 1603221101 13072200 5221.716    950.0     9.0
      C097 GCYM 1603221201 13072100 5211.194    950.0    10.0
      C097 GCYM 1603221257 13064524 5270.136    981.0    10.0
55555
      C097 GCYM 1603221421 13072402 5228.270    955.0    17.0
      C097 GCYM 1603221438 10107200 5224.363    950.0    17.0
      C097 GCYM 1603221455 13072402 5228.303    955.0    17.0
      C097 GCYM 1603221539 13072600 5174.649    926.0     8.0
      C097 GCYM 1603221630 13072701 5130.811    892.0     7.0
55555
      C097 GCYM 1603230809 13072701 5130.853    903.0    -5.0
      C097 GCYM 1603230848 13072800 5100.728    890.0    -4.0
      C097 GCYM 1603230916 13072801 5109.844    896.0    -4.0
      C097 GCYM 1603230932 13072800 5100.704    890.0    -4.0
      C097 GCYM 1603231014 13090400 5093.305    896.0    -2.0
      C097 GCYM 1603231057 15024600 5143.102    918.0    -2.0
      C097 GCYM 1603231133 98000100 5119.986    910.0     2.0
      C097 GCYM 1603231358 98000201 5171.481    949.0     3.0
      C097 GCYM 1603231400 98000201 5171.481    949.0     3.0
      C097 GCYM 1603231432 98000200 5159.176    936.0     3.0
      C097 GCYM 1603231457 98000201 5171.514    947.0     3.0
      C097 GCYM 1603231556 98050800 5128.953    940.0     3.0
      C097 GCYM 1603231655 98000201 5171.554    947.0     3.0
      C097 GCYM 1603231744 98000100 5120.095    910.0     3.0
55555
      C097 GCYM 1603240811 98000100 5120.137    914.0    -4.0
      C097 GCYM 1603240850 15024600 5143.227    922.0    -4.0
      C097 GCYM 1603240928 13090400 5093.406    892.0    -4.0
      C097 GCYM 1603240956 13072801 5109.882    895.0    -2.0
      C097 GCYM 1603241027 13072701 5130.842    900.0    -2.0
      C097 GCYM 1603241109 13072600 5174.679    934.0     3.0
      C097 GCYM 1603241149 13072402 5228.330    965.0    17.0
55555
      C097 GCYM 1603250833 98052400 5118.233    951.0    -2.0
      C097 GCYM 1603250858 98052200 5134.930    959.0    -1.0
      C097 GCYM 1603250956 98052100 5093.445    926.0     3.0
      C097 GCYM 1603251042 13062822 5127.677    935.0     3.0
      C097 GCYM 1603251132 98001200 5202.849    991.0    10.0
      C097 GCYM 1603251358 98000600 5243.143    991.0    10.0
      C097 GCYM 1603251456 13060320 5196.185    984.0    12.0
      C097 GCYM 1603251623 13060220 5269.942   1031.0    15.0
      C097 GCYM 1603251721 13008022 5336.299   1025.0    13.0
55555
      C097 GCYM 1603260819 13008022 5336.313   1047.0     3.0
      C097 GCYM 1603260917 13060220 5269.956   1033.0     6.0
      C097 GCYM 1603261014 13060320 5196.191    994.0    10.0
      C097 GCYM 1603261105 98000600 5243.140   1005.0    14.0
      C097 GCYM 1603261206 98001200 5202.777    988.0    13.0
      C097 GCYM 1603261344 13062822 5127.551    930.0    11.0
      C097 GCYM 1603261419 98052100 5093.263    930.0    14.0
55555
      C097 GCYM 1603261533 98052100 5093.311    913.0    14.0
      C097 GCYM 1603261628 98052200 5134.762    950.0    14.0
      C097 GCYM 1603261658 98052400 5118.060    950.0    13.0
55555
      C097 GCYM 1603270826 98052400 5118.177    950.0     8.0
      C097 GCYM 1603270850 98052500 5082.763    922.0     8.0
      C097 GCYM 1603270950 98000700 5085.882    940.0     8.0
      C097 GCYM 1603271025 14023401 5118.756    955.0    10.0
      C097 GCYM 1603271118 14034101 5120.080    962.0    13.0
      C097 GCYM 1603271138 14034100 5116.917    958.0    13.0
      C097 GCYM 1603271150 14034101 5120.076    962.0    13.0
      C097 GCYM 1603271239 14033900 5034.668    920.0    13.0
      C097 GCYM 1603271407 14034101 5120.010    962.0    13.0
      C097 GCYM 1603271455 14023401 5118.660    949.0    13.0
55555
      C097 GCYM 1603280811 14023401 5118.860    948.0     8.0
      C097 GCYM 1603280841 13072003 5132.761    955.0     8.0
      C097 GCYM 1603280909 13072001 5130.533    965.0     8.0
      C097 GCYM 1603280925 13072003 5132.748    958.0    12.0   
      C097 GCYM 1603281005 13060320 5196.295    970.0    12.0
      C097 GCYM 1603281044 13072003 5132.707    958.0    12.0
      C097 GCYM 1603281117 14023401 5118.787    940.0    12.0
      C097 GCYM 1603281221 98000700 5085.822    918.0    12.0
      C097 GCYM 1603281316 98052500 5082.666    902.0    12.0
      C097 GCYM 1603281336 98052400 5118.094    929.0    12.0
55555
      C097 GCYM 1604050843 11000220 5401.065   1035.0    18.0
      C097 GCYM 1604050958 11001020 5416.680   1035.0    20.0   
      C097 GCYM 1604051049 11002400 5400.900   1034.0    22.0  
      C097 GCYM 1604051150 11001020 5416.654   1032.0    22.0
      C097 GCYM 1604051225 11017520 5414.801   1032.0    22.0
      C097 GCYM 1604051302 13060420 5386.952   1032.0    22.0
      C097 GCYM 1604051405 12017625 5360.831   1033.0    23.0
      C097 GCYM 1604051431 12000525 5337.913   1032.0    23.0
      C097 GCYM 1604051453 12021420 5347.342   1034.0    23.0
      C097 GCYM 1604051523 13060526 5359.003   1032.0    23.0
      C097 GCYM 1604051605 13060620 5364.499   1030.0    23.0
      C097 GCYM 1604051633 13060720 5357.386   1027.0    23.0
      C097 GCYM 1604051707 13008520 5359.349   1026.0    23.0
55555
      C097 GCYM 1604060825 13008520 5359.292   1035.0    17.0
      C097 GCYM 1604060908 13060720 5357.302   1032.0    19.0
      C097 GCYM 1604060933 13060620 5364.361   1035.0    20.0
      C097 GCYM 1604061033 13060526 5358.797   1033.0    20.0
      C097 GCYM 1604061122 12021420 5347.165   1032.0    21.0
      C097 GCYM 1604061141 12000525 5337.759   1032.0    21.0
      C097 GCYM 1604061216 12013025 5336.514   1030.0    21.0
      C097 GCYM 1604061325 12012820 5356.461   1030.0    21.0
      C097 GCYM 1604061409 12012721 5346.389   1030.0    21.0
      C097 GCYM 1604061517 13008821 5329.908   1030.0    21.0
      C097 GCYM 1604061621 13008721 5325.316   1025.0    21.0
      C097 GCYM 1604061651 13008622 5358.210   1025.0    21.0
      C097 GCYM 1604061723 13008721 5325.312   1026.0    21.0
55555
      C097 GCYM 1604070823 13008721 5325.174   1035.0    20.0
      C097 GCYM 1604070943 13008821 5329.725   1035.0    22.0
      C097 GCYM 1604071031 12012721 5346.216   1035.0    23.0
      C097 GCYM 1604071123 12012820 5356.277   1030.0    25.0
      C097 GCYM 1604071300 12013025 5336.361   1035.0    26.0
      C097 GCYM 1604071338 12000525 5337.624   1032.0    26.0
      C097 GCYM 1604071401 12017625 5360.567   1033.0    26.0
      C097 GCYM 1604071433 13060420 5386.753   1035.0    26.0
      C097 GCYM 1604071500 11017520 5414.624   1033.0    26.0
      C097 GCYM 1604071601 11001020 5416.515   1030.0    26.0
      C097 GCYM 1604071717 11000220 5400.898   1027.0    26.0
55555
      C097 GCYM 1604080836 11000220 5400.861   1036.0    21.0
      C097 GCYM 1604080925 11010124 5403.742   1036.0    21.0
      C097 GCYM 1604081008 11010223 5407.703   1037.0    24.0
      C097 GCYM 1604081051 11010520 5378.648   1037.0    24.0
      C097 GCYM 1604081119 13008520 5358.935   1036.0    24.0
      C097 GCYM 1604081225 11010520 5378.559   1033.0    24.0
      C097 GCYM 1604081303 11010223 5407.590   1033.0    24.0
      C097 GCYM 1604081339 11010124 5403.594   1033.0    24.0
      C097 GCYM 1604081431 11000220 5400.658   1030.0    25.0
55555
      C097 GCYM 1604120843 11000220 5400.546   1036.0     8.0
      C097 GCYM 1604120932 11003902 5395.530   1027.0    10.0
      C097 GCYM 1604120941 11013902 5395.577   1027.0    10.0
      C097 GCYM 1604120947 11003902 5395.514   1027.0    10.0
      C097 GCYM 1604121101 11004120 5404.953   1032.0    14.0
      C097 GCYM 1604121124 11014121 5376.864   1017.0    13.0
      C097 GCYM 1604121142 11004120 5404.940   1032.0    14.0
      C097 GCYM 1604121233 11003820 5402.753   1028.0    15.0
      C097 GCYM 1604121309 11019721 5378.055   1027.0    16.0
      C097 GCYM 1604121341 11003820 5402.728   1025.0    16.0
      C097 GCYM 1604121400 11004120 5404.845   1020.0    16.0
      C097 GCYM 1604121503 11003902 5395.345   1022.0    16.0
      C097 GCYM 1604121544 11000220 5400.341   1026.0    16.0
55555
      C097 GCYM 1604131150 13008320 5362.229   1024.0    26.0
      C097 GCYM 1604131239 13008420 5363.253   1020.0    26.0
      C097 GCYM 1604131306 13008520 5358.652   1024.0    26.0
      C097 GCYM 1604131423 13008622 5357.501   1022.0    26.0
      C097 GCYM 1604131507 13008520 5358.586   1021.0    26.0
      C097 GCYM 1604131531 13008420 5363.157   1021.0    26.0
      C097 GCYM 1604131616 13008320 5362.077   1020.0    26.0
55555
      C097 GCYM 1604140821 13008220 5364.170   1035.0    20.0
      C097 GCYM 1604140902 13013632 5336.865   1041.0    20.0
      C097 GCYM 1604140933 13015015 5336.292   1040.0    22.0
      C097 GCYM 1604141013 13013520 5345.982   1042.0    22.0
      C097 GCYM 1604141051 13008721 5324.634   1041.0    23.0
      C097 GCYM 1604141146 13013520 5345.975   1041.0    25.0
      C097 GCYM 1604141243 13015015 5336.257   1041.0    25.0
      C097 GCYM 1604141344 13013632 5336.794   1039.0    25.0
      C097 GCYM 1604141423 13008220 5364.080   1036.0    25.0
      C097 GCYM 1604141456 13008123 5362.555   1036.0    25.0
      C097 GCYM 1604141538 13008022 5335.041   1036.0    25.0
      C097 GCYM 1604141625 13008123 5362.547   1036.0    25.0
      C097 GCYM 1604141657 13008220 5364.072   1038.0    25.0
55555
      C097 GCYM 1604191216 11019721 5377.493   1036.0    16.0
      C097 GCYM 1604191251 11019620 5395.322   1037.0    18.0
      C097 GCYM 1604191408 11002802 5339.022   1019.0    18.0
      C097 GCYM 1604191440 10119201 5264.265    980.0    18.0
      C097 GCYM 1604191503 10119200 5258.135    978.0    18.0
      C097 GCYM 1604191522 10119201 5264.278    982.0    18.0
      C097 GCYM 1604191555 11003021 5275.713    998.0    17.0
      C097 GCYM 1604191630 13064120 5257.092    995.0    16.0
      C097 GCYM 1604191708 13064220 5265.726    990.0    16.0
      C097 GCYM 1604191742 13064320 5266.017    978.0    16.0
      C097 GCYM 1604191810 13064021 5251.407    980.0    16.0
55555
      C097 GCYM 1604200813 13064021 5251.337    988.0    15.0
      C097 GCYM 1604200842 13064320 5265.947    986.0    15.0
      C097 GCYM 1604200915 13064220 5265.632    990.0    16.0
      C097 GCYM 1604200957 13064120 5256.976    985.0    17.0
      C097 GCYM 1604201049 11003021 5275.574    988.0    17.0
      C097 GCYM 1604201117 10119201 5264.162    992.0    19.0
      C097 GCYM 1604201155 11002802 5338.918   1013.0    19.0
      C097 GCYM 1604201218 11019620 5395.248   1029.0    20.0
      C097 GCYM 1604201317 10100100 5391.215   1025.0    18.0
      C097 GCYM 1604201341 11019620 5395.267   1030.0    20.0
      C097 GCYM 1604201414 11019721 5377.495   1029.0    20.0
55555
      C097 GCYM 1604210916 11000220 5399.795   1030.0    20.0
      C097 GCYM 1604211015 11019721 5377.388   1024.0    20.0
      C097 GCYM 1604211047 11090100 5352.171   1006.0    20.0
      C097 GCYM 1604211102 11090101 5336.335    996.0    20.0
      C097 GCYM 1604211123 11020220 5270.677    959.0    20.0
      C097 GCYM 1604211138 11090102 5246.937    946.0    20.0
      C097 GCYM 1604211208 13062320 5228.782    942.0    22.0
      C097 GCYM 1604211248 13062420 5256.745    968.0    24.0
      C097 GCYM 1604211405 13062520 5254.631    960.0    24.0
      C097 GCYM 1604211428 13062620 5241.574    965.0    24.0
      C097 GCYM 1604211448 13062721 5211.915    947.0    24.0
      C097 GCYM 1604211511 13062822 5125.967    915.0    24.0
      C097 GCYM 1604211550 13062920 5182.397    941.0    24.0
      C097 GCYM 1604211614 13064021 5251.294    971.0    24.0
55555
      C097 GCYM 1604220808 13064021 5251.269    982.0    18.0
      C097 GCYM 1604220847 13062920 5182.376    950.0    18.0
      C097 GCYM 1604220913 13062822 5125.943    922.0    20.0
      C097 GCYM 1604220941 13062721 5211.895    959.0    20.0
      C097 GCYM 1604221019 13062620 5241.530    978.0    20.0
      C097 GCYM 1604221049 13062520 5254.595    980.0    20.0
      C097 GCYM 1604221124 13062420 5256.720    994.0    22.0
      C097 GCYM 1604221244 13062320 5228.753    950.0    23.0
      C097 GCYM 1604221324 11090102 5246.904    953.0    23.0
      C097 GCYM 1604221333 11020220 5270.650    965.0    24.0
      C097 GCYM 1604221350 11090101 5336.314   1000.0    24.0
      C097 GCYM 1604221403 11090100 5352.141   1006.0    24.0
      C097 GCYM 1604221432 11019721 5377.369   1021.0    25.0
      C097 GCYM 1604221515 11000220 5399.771   1026.0    25.0
55555
      C097 GCYM 1604250841 11000220 5399.641   1031.0    20.0
      C097 GCYM 1604250925 11004021 5397.991   1027.0    23.0
      C097 GCYM 1604250958 11010420 5376.539   1025.0    24.0
      C097 GCYM 1604251025 11010320 5384.313   1025.0    25.0
      C097 GCYM 1604251053 11010922 5375.029   1030.0    25.0
      C097 GCYM 1604251125 10100200 5371.749   1025.0    21.0
      C097 GCYM 1604251155 11010922 5374.995   1030.0    27.0
      C097 GCYM 1604251313 13008320 5361.247   1029.0    29.0
      C097 GCYM 1604251352 13008220 5363.291   1030.0    29.0
      C097 GCYM 1604251421 13008320 5361.244   1029.0    29.0
      C097 GCYM 1604251457 11010922 5374.965   1029.0    29.0
      C097 GCYM 1604251521 11010320 5384.227   1029.0    29.0
      C097 GCYM 1604251547 11010420 5376.447   1020.0    29.0
      C097 GCYM 1604251637 11004021 5397.887   1024.0    28.0
      C097 GCYM 1604251707 11000220 5399.545   1027.0    28.0
55555
      C097 GCYM 1604260841 11000220 5399.574   1037.0    18.0
      C097 GCYM 1604260939 11019620 5394.977   1031.0    20.0
      C097 GCYM 1604261005 11002521 5411.182   1035.0    22.0
      C097 GCYM 1604261026 11019120 5405.857   1035.0    22.0
      C097 GCYM 1604261106 11002400 5399.389   1035.0    23.0
      C097 GCYM 1604261152 11002322 5409.804   1034.0    23.0
      C097 GCYM 1604261300 11018920 5355.867   1011.0    23.0
      C097 GCYM 1604261327 11018621 5359.060   1002.0    23.0
      C097 GCYM 1604261415 11003420 5293.647    965.0    23.0
      C097 GCYM 1604261503 11003320 5274.247    954.0    24.0
      C097 GCYM 1604261535 11003221 5297.039    976.0    24.0
      C097 GCYM 1604261601 11003021 5275.214    980.0    24.0
55555
      C097 GCYM 1604270816 11003021 5275.325    984.0    15.0
      C097 GCYM 1604270901 11003221 5297.168    980.0    16.0
      C097 GCYM 1604270936 11003320 5274.371    954.0    16.0
      C097 GCYM 1604271021 11003420 5293.753    966.0    16.0
      C097 GCYM 1604271056 11018621 5359.133   1005.0    17.0
      C097 GCYM 1604271119 11018920 5355.933   1012.0    17.0
      C097 GCYM 1604271224 11002322 5409.801   1032.0    17.0
      C097 GCYM 1604271303 11002400 5399.333   1034.0    20.0
      C097 GCYM 1604271335 11019120 5405.751   1032.0    20.0
      C097 GCYM 1604271358 11002521 5411.045   1032.0    20.0
      C097 GCYM 1604271432 11019620 5394.817   1029.0    21.0
      C097 GCYM 1604271531 11000220 5399.382   1030.0    21.0
99999