       ai   CAR
      C098 GCYM 1508211134 13064422 4424.250   1000.0    29.0
      C098 GCYM 1508211246 13064524 4434.741   1000.0    30.0
      C098 GCYM 1508211350 13072100 4375.794   1000.0    30.0
      C098 GCYM 1508211519 13072200 4386.336   1000.0    27.0
      C098 GCYM 1508211653 13072301 4363.951   1000.0    27.0
      C098 GCYM 1508211805 13090000 4348.757   1000.0    21.0
      C098 GCYM 1508211905 13090101 4458.984   1000.0    23.0
55555                                                                     
      C098 GCYM 1508220800 13090101 4459.082   1000.0    20.0
      C098 GCYM 1508220915 13090000 4348.927   1000.0    23.0
      C098 GCYM 1508221030 13072301 4364.195   1000.0    26.0
44444                                                                     
      C098 GCYM 1508221057 13072301 4364.225   1000.0    23.0
      C098 GCYM 1508221240 13072200 4386.682   1000.0    28.0
      C098 GCYM 1508221443 13072100 4376.178   1000.0    26.0
      C098 GCYM 1508221548 13064524 4435.158   1000.0    26.0
      C098 GCYM 1508221632 13064422 4424.672   1000.0    30.0
55555                                                                     
      C098 GCYM 1508230808 13064620 4416.514   1000.0    23.0
      C098 GCYM 1508230839 13072402 4393.436   1000.0    23.0
      C098 GCYM 1508230853 10107200 4389.515   1000.0    23.0
      C098 GCYM 1508230905 13072402 4393.456   1000.0    23.0
      C098 GCYM 1508231013 13072600 4339.795   1000.0    24.0
      C098 GCYM 1508231115 13072701 4295.963   1000.0    26.0
      C098 GCYM 1508231210 13072800 4265.897   1000.0    22.0
      C098 GCYM 1508231310 13090400 4258.545   1000.0    26.0
      C098 GCYM 1508231322 13090401 4258.645   1000.0    26.0
      C098 GCYM 1508231332 13090400 4258.571   1000.0    26.0
      C098 GCYM 1508231336 13090400 4258.571   1000.0    26.0
      C098 GCYM 1508231447 15024600 4308.413   1000.0    22.0
      C098 GCYM 1508231557 98000100 4285.330   1000.0    23.0
      C098 GCYM 1508231737 98000200 4324.501   1000.0    21.0
      C098 GCYM 1508231905 98050800 4294.293   1000.0    20.0
55555                                                                     
      C098 GCYM 1508240811 98050800 4294.429   1000.0    20.0
      C098 GCYM 1508240857 98051500 4270.439   1000.0    20.0
      C098 GCYM 1508240944 10114700 4301.036   1000.0    25.0
      C098 GCYM 1508241019 13064920 4298.585   1000.0    25.0
      C098 GCYM 1508241106 10114700 4301.077   1000.0    25.0
      C098 GCYM 1508241149 98051500 4270.550   1000.0    25.0
      C098 GCYM 1508241224 98050800 4294.579   1000.0    25.0
      C098 GCYM 1508241444 98000200 4324.900   1000.0    25.0
      C098 GCYM 1508241610 98000100 4285.793   1000.0    25.0
      C098 GCYM 1508241653 15024600 4308.934   1000.0    23.0
      C098 GCYM 1508241746 13090400 4259.144   1000.0    19.0
      C098 GCYM 1508241825 13072800 4266.538   1000.0    19.0
      C098 GCYM 1508241908 13072701 4296.667   1000.0    19.0
55555                                                                     
      C098 GCYM 1508250833 13072701 4296.876   1000.0    20.0
      C098 GCYM 1508250931 13072600 4340.780   1000.0    24.0
      C098 GCYM 1508251026 13072402 4394.487   1000.0    25.0
      C098 GCYM 1508251058 13064620 4417.611   1000.0    26.0
      C098 GCYM 1508251158 13064422 4425.944   1000.0    27.0
      C098 GCYM 1508251232 13064320 4433.754   1000.0    27.0
      C098 GCYM 1508251313 13064422 4426.000   1000.0    28.0
      C098 GCYM 1508251441 13064620 4417.761   1000.0    20.0
55555                                                                     
      C098 GCYM 1508260827 13064920 4299.474   1000.0    22.0
      C098 GCYM 1508260917 13064822 4307.127   1000.0    22.0
      C098 GCYM 1508261005 13064720 4306.518   1000.0    24.0
      C098 GCYM 1508261105 13064422 4426.257   1000.0    25.0
      C098 GCYM 1508261206 13064720 4306.593   1000.0    26.0
      C098 GCYM 1508261336 13064822 4307.268   1000.0    26.0
      C098 GCYM 1508261444 13064920 4299.696   1000.0    26.0
      C098 GCYM 1508261525 14080123 4276.037   1000.0    26.0
      C098 GCYM 1508261610 14080220 4261.594   1000.0    25.0
      C098 GCYM 1508261719 14080123 4276.098   1000.0    25.0
      C098 GCYM 1508261757 13064920 4299.809   1000.0    25.0
55555                                                                     
      C098 GCYM 1508270847 13064822 4307.559   1000.0    23.0
      C098 GCYM 1508270939 98052300 4322.735   1000.0    26.0
      C098 GCYM 1508271038 98052400 4284.964   1000.0    27.0
      C098 GCYM 1508271109 98052300 4322.750   1000.0    27.0
      C098 GCYM 1508271152 13064822 4307.594   1000.0    27.0
      C098 GCYM 1508271325 98052400 4285.078   1000.0    28.0
      C098 GCYM 1508271400 98052500 4249.701   1000.0    28.0
      C098 GCYM 1508271556 98000700 4252.987   1000.0    27.0
      C098 GCYM 1508271655 14023401 4285.915   1000.0    27.0
55555                                                                     
      C098 GCYM 1508280748 14023401 4286.065   1000.0    18.0
      C098 GCYM 1508280922 14034100 4284.188   1000.0    22.0
      C098 GCYM 1508281047 14023401 4285.983   1000.0    24.0
      C098 GCYM 1508281135 13072003 4299.905   1000.0    25.0
      C098 GCYM 1508281215 13072001 4297.696   1000.0    25.0
      C098 GCYM 1508281233 13072003 4299.930   1000.0    26.0
      C098 GCYM 1508281324 13060320 4363.559   1000.0    28.0
      C098 GCYM 1508281447 13072003 4300.055   1000.0    27.0
      C098 GCYM 1508281528 14023401 4286.196   1000.0    27.0
      C098 GCYM 1508281621 98000700 4253.364   1000.0    26.0
      C098 GCYM 1508281735 98052500 4250.279   1000.0    25.0
      C098 GCYM 1508281803 98052400 4285.711   1000.0    25.0
55555                                                                     
      C098 GCYM 1508290818 98052400 4285.873   1000.0    24.0
      C098 GCYM 1508290856 98052200 4302.603   1000.0    24.0
      C098 GCYM 1508290933 98052100 4261.106   1000.0    24.0
      C098 GCYM 1508291014 13062822 4295.368   1000.0    25.0
      C098 GCYM 1508291217 98001200 4370.572   1000.0    26.0
      C098 GCYM 1508291446 98000600 4411.027   1000.0    27.0
      C098 GCYM 1508291552 13060320 4364.089   1000.0    27.0
      C098 GCYM 1508291644 13060220 4437.863   1000.0    27.0
      C098 GCYM 1508291807 13008026 4514.236   1000.0    29.0
      C098 GCYM 1508291835 13008022 4504.256   1000.0    29.0
      C098 GCYM 1508291905 13008026 4514.237   1000.0    29.0
55555                                                                     
      C098 GCYM 1508300825 13008026 4514.190   1000.0    24.0
      C098 GCYM 1508300934 13060220 4437.805   1000.0    24.0
      C098 GCYM 1508301002 13060320 4364.063   1000.0    24.0
      C098 GCYM 1508301109 98000600 4411.040   1000.0    24.0
      C098 GCYM 1508301235 98001200 4370.672   1000.0    24.0
      C098 GCYM 1508301409 13062822 4295.525   1000.0    24.0
      C098 GCYM 1508301447 98052100 4261.293   1000.0    24.0
      C098 GCYM 1508301531 98052200 4302.806   1000.0    24.0
      C098 GCYM 1508301558 98052400 4286.083   1000.0    24.0
55555                                                                     
      C098 GCYM 1509070848 11000220 4570.088   1000.0    24.0
      C098 GCYM 1509070936 11004021 4568.448   1000.0    24.0
      C098 GCYM 1509071019 11010421 4547.228   1000.0    27.0
      C098 GCYM 1509071058 11010320 4554.852   1000.0    27.0
      C098 GCYM 1509071133 11010922 4545.613   1000.0    27.0
      C098 GCYM 1509071213 13008320 4531.918   1000.0    28.0
      C098 GCYM 1509071319 13008420 4532.988   1000.0    28.0
      C098 GCYM 1509071410 13008520 4528.442   1000.0    28.0
      C098 GCYM 1509071450 13008420 4533.024   1000.0    28.0
      C098 GCYM 1509071531 13008320 4531.970   1000.0    28.0
      C098 GCYM 1509071617 13008220 4534.021   1000.0    28.0
      C098 GCYM 1509071707 13013632 4506.698   1000.0    28.0
      C098 GCYM 1509071751 13008220 4534.012   1000.0    27.0
55555                                                                     
      C098 GCYM 1509080813 13008220 4533.927   1000.0    25.0
      C098 GCYM 1509080846 13008123 4532.366   1000.0    25.0
      C098 GCYM 1509080858 13008121 4532.239   1000.0    25.0
      C098 GCYM 1509080933 13008026 4514.818   1000.0    26.0
      C098 GCYM 1509081009 13008121 4532.241   1000.0    26.0
      C098 GCYM 1509081023 13008123 4532.376   1000.0    26.0
      C098 GCYM 1509081100 13008220 4533.939   1000.0    27.0
      C098 GCYM 1509081148 13008320 4531.913   1000.0    27.0
      C098 GCYM 1509081233 11010922 4545.654   1000.0    27.0
44444                                                                     
      C098 GCYM 1509081450 11010922 4545.708   1000.0    27.0
      C098 GCYM 1509081541 11010320 4554.978   1000.0    27.0
      C098 GCYM 1509081614 11010421 4547.378   1000.0    27.0
      C098 GCYM 1509081708 11004021 4568.632   1000.0    26.0
      C098 GCYM 1509081803 11000220 4570.228   1000.0    26.0
55555                                                                     
      C098 GCYM 1509100816 11000220 4570.259   1000.0    20.0
      C098 GCYM 1509100910 11010124 4573.149   1000.0    22.0
      C098 GCYM 1509100957 11010223 4577.134   1000.0    22.0
      C098 GCYM 1509101041 11010520 4548.119   1000.0    23.0
      C098 GCYM 1509101110 13008520 4528.443   1000.0    22.0
      C098 GCYM 1509101157 13008622 4527.351   1000.0    22.0
      C098 GCYM 1509101233 13008721 4494.476   1000.0    21.0
      C098 GCYM 1509101358 13013520 4515.865   1000.0    22.0
      C098 GCYM 1509101435 13015015 4506.193   1000.0    22.0
      C098 GCYM 1509101450 13015020 4506.688   1000.0    22.0
      C098 GCYM 1509101501 13015015 4506.217   1000.0    22.0
      C098 GCYM 1509101533 13013632 4506.824   1000.0    22.0
      C098 GCYM 1509101608 13015015 4506.250   1000.0    22.0
      C098 GCYM 1509101735 13013520 4515.940   1000.0    17.0
      C098 GCYM 1509101837 13008721 4494.581   1000.0    17.0
55555                                                                     
      C098 GCYM 1509110814 13008721 4494.543   1000.0    20.0
      C098 GCYM 1509110916 13008821 4499.125   1000.0    21.0
      C098 GCYM 1509111031 12012721 4515.667   1000.0    22.0
      C098 GCYM 1509111124 12012820 4525.765   1000.0    23.0
      C098 GCYM 1509111211 12012721 4515.667   1000.0    24.0
      C098 GCYM 1509111253 13008821 4499.125   1000.0    22.0
      C098 GCYM 1509111427 13008721 4494.558   1000.0    24.0
      C098 GCYM 1509111458 13008622 4527.475   1000.0    24.0
      C098 GCYM 1509111538 13008520 4528.614   1000.0    23.0
      C098 GCYM 1509111614 11010520 4548.303   1000.0    23.0
      C098 GCYM 1509111705 11010223 4577.332   1000.0    23.0
      C098 GCYM 1509111751 11010124 4573.327   1000.0    23.0
      C098 GCYM 1509111846 11000220 4570.377   1000.0    20.0
55555                                                                     
      C098 GCYM 1509140825 11000220 4570.630   1000.0    20.0
      C098 GCYM 1509140934 11003902 4565.528   1000.0    23.0
      C098 GCYM 1509140948 11013902 4565.581   1000.0    23.0
      C098 GCYM 1509140956 11003902 4565.527   1000.0    23.0
      C098 GCYM 1509141055 11004120 4574.970   1000.0    24.0
      C098 GCYM 1509141123 11014121 4546.868   1000.0    16.0
      C098 GCYM 1509141140 11004120 4574.965   1000.0    25.0
      C098 GCYM 1509141156 11003820 4572.829   1000.0    25.0
      C098 GCYM 1509141238 11019721 4548.127   1000.0    26.0
      C098 GCYM 1509141310 11019620 4565.928   1000.0    26.0
      C098 GCYM 1509141409 11019721 4548.146   1000.0    25.0
      C098 GCYM 1509141451 11003820 4572.870   1000.0    24.0
      C098 GCYM 1509141516 11004120 4575.021   1000.0    25.0
      C098 GCYM 1509141612 11003902 4565.558   1000.0    20.0
      C098 GCYM 1509141701 11000220 4570.626   1000.0    23.0
55555                                                                     
      C098 GCYM 1509150825 11000220 4570.717   1000.0    20.0
      C098 GCYM 1509150931 11019721 4548.290   1000.0    23.0
      C098 GCYM 1509151000 11090100 4523.070   1000.0    23.0
      C098 GCYM 1509151010 11090101 4507.246   1000.0    22.0
      C098 GCYM 1509151030 11020220 4441.560   1000.0    22.0
      C098 GCYM 1509151043 11090102 4417.821   1000.0    22.0
      C098 GCYM 1509151126 13062320 4399.677   1000.0    23.0
      C098 GCYM 1509151217 13062420 4427.605   1000.0    24.0
      C098 GCYM 1509151347 13062520 4425.470   1000.0    24.0
      C098 GCYM 1509151422 13062620 4412.413   1000.0    24.0
      C098 GCYM 1509151546 13062721 4382.782   1000.0    22.0
      C098 GCYM 1509151642 13062822 4296.875   1000.0    22.0
      C098 GCYM 1509151723 13062920 4353.313   1000.0    21.0
      C098 GCYM 1509151757 13064021 4422.233   1000.0    22.0
      C098 GCYM 1509151839 13064320 4436.846   1000.0    21.0
      C098 GCYM 1509151917 13064220 4436.584   1000.0    20.0
55555                                                                     
      C098 GCYM 1509160843 13064220 4436.783   1000.0    20.0
      C098 GCYM 1509160934 13064120 4428.133   1000.0    20.0
      C098 GCYM 1509161052 11003020 4446.419   1000.0    22.0
      C098 GCYM 1509161149 10119200 4429.155   1000.0    22.0
      C098 GCYM 1509161236 11002800 4502.470   1000.0    24.0
      C098 GCYM 1509161305 11019620 4566.396   1000.0    23.0
      C098 GCYM 1509161408 11002800 4502.485   1000.0    23.0
      C098 GCYM 1509161449 10119200 4429.187   1000.0    23.0
      C098 GCYM 1509161528 11003020 4446.454   1000.0    23.0
      C098 GCYM 1509161621 13064120 4428.174   1000.0    23.0
      C098 GCYM 1509161705 13064220 4436.847   1000.0    22.0
      C098 GCYM 1509161753 13064320 4437.150   1000.0    22.0
      C098 GCYM 1509161826 13064021 4422.558   1000.0    21.0
55555                                                                     
      C098 GCYM 1509171008 13064021 4422.751   1000.0    22.0
      C098 GCYM 1509171113 13062920 4353.852   1000.0    25.0
      C098 GCYM 1509171152 13062822 4297.454   1000.0    25.0
      C098 GCYM 1509171225 13062721 4383.423   1000.0    25.0
      C098 GCYM 1509171316 13062620 4413.084   1000.0    25.0
      C098 GCYM 1509171349 13062520 4426.177   1000.0    25.0
      C098 GCYM 1509171431 13062420 4428.335   1000.0    25.0
      C098 GCYM 1509171524 13062320 4400.436   1000.0    25.0
      C098 GCYM 1509171603 11090102 4418.594   1000.0    25.0
      C098 GCYM 1509171619 11020220 4442.344   1000.0    24.0
      C098 GCYM 1509171639 11090101 4508.033   1000.0    24.0
      C098 GCYM 1509171653 11090100 4523.861   1000.0    24.0
      C098 GCYM 1509171726 11019721 4549.080   1000.0    24.0
      C098 GCYM 1509171835 11000220 4571.484   1000.0    24.0
55555                                                                     
      C098 GCYM 1509210833 11000220 4571.848   1000.0    20.0
      C098 GCYM 1509210939 11019620 4567.295   1000.0    21.0
      C098 GCYM 1509211011 10100100 4563.250   1000.0    21.0
      C098 GCYM 1509211039 10100101 4549.158   1000.0    21.0
      C098 GCYM 1509211100 10100100 4563.275   1000.0    22.0
      C098 GCYM 1509211126 11019620 4567.334   1000.0    25.0
      C098 GCYM 1509211208 11002521 4583.557   1000.0    23.0
      C098 GCYM 1509211233 11019120 4578.250   1000.0    26.0
      C098 GCYM 1509211308 11002400 4571.836   1000.0    26.0
      C098 GCYM 1509211424 11002322 4582.283   1000.0    26.0
      C098 GCYM 1509211441 11002321 4578.205   1000.0    26.0
      C098 GCYM 1509211456 11002322 4582.294   1000.0    26.0
      C098 GCYM 1509211541 11018920 4528.381   1000.0    26.0
      C098 GCYM 1509211614 11018621 4531.585   1000.0    25.0
      C098 GCYM 1509211653 11003420 4466.173   1000.0    24.0
      C098 GCYM 1509211746 11003320 4446.771   1000.0    21.0
      C098 GCYM 1509211832 11003221 4469.574   1000.0    20.0
      C098 GCYM 1509211910 11003020 4447.415   1000.0    20.0
55555                                                                     
      C098 GCYM 1509220817 11003020 4447.525   1000.0    20.0
      C098 GCYM 1509220856 11003221 4469.701   1000.0    20.0
      C098 GCYM 1509220931 11003320 4446.924   1000.0    20.0
      C098 GCYM 1509221028 11003420 4466.390   1000.0    21.0
      C098 GCYM 1509221110 11018621 4531.841   1000.0    21.0
      C098 GCYM 1509221150 11018920 4528.668   1000.0    21.0
      C098 GCYM 1509221233 11002322 4582.598   1000.0    22.0
      C098 GCYM 1509221318 11002400 4572.163   1000.0    23.0
      C098 GCYM 1509221438 11019120 4578.588   1000.0    24.0
      C098 GCYM 1509221505 11002521 4583.911   1000.0    24.0
      C098 GCYM 1509221541 11019620 4567.710   1000.0    24.0
      C098 GCYM 1509221632 11000220 4572.278   1000.0    22.0
55555                                                                     
      C098 GCYM 1509240816 11000220 4572.457   1000.0    20.0
      C098 GCYM 1509240943 11001020 4588.085   1000.0    22.0
      C098 GCYM 1509241048 11017520 4586.262   1000.0    23.0
      C098 GCYM 1509241125 13060420 4558.400   1000.0    23.0
      C098 GCYM 1509241232 12017625 4532.295   1000.0    23.0
      C098 GCYM 1509241307 12000525 4509.391   1000.0    23.0
      C098 GCYM 1509241346 12013025 4508.165   1000.0    23.0
      C098 GCYM 1509241441 12012820 4528.158   1000.0    23.0
      C098 GCYM 1509241535 12013025 4508.227   1000.0    23.0
      C098 GCYM 1509241610 12000525 4509.483   1000.0    23.0
      C098 GCYM 1509241637 12021420 4518.908   1000.0    23.0
      C098 GCYM 1509241705 13060526 4530.536   1000.0    23.0
      C098 GCYM 1509241757 13060620 4536.016   1000.0    23.0
      C098 GCYM 1509241828 13060720 4528.906   1000.0    21.0
      C098 GCYM 1509241912 13008520 4530.857   1000.0    21.0
55555                                                                     
      C098 GCYM 1509250807 13008520 4530.846   1000.0    19.0
      C098 GCYM 1509250855 13060720 4528.869   1000.0    20.0
      C098 GCYM 1509250941 13060620 4535.951   1000.0    21.0
      C098 GCYM 1509251046 13060526 4530.458   1000.0    22.0
      C098 GCYM 1509251113 12021420 4518.850   1000.0    22.0
      C098 GCYM 1509251140 12000525 4509.445   1000.0    22.0
      C098 GCYM 1509251210 12017625 4532.413   1000.0    23.0
      C098 GCYM 1509251236 13060420 4558.579   1000.0    23.0
      C098 GCYM 1509251405 11017520 4586.500   1000.0    23.0
      C098 GCYM 1509251456 11001020 4588.392   1000.0    23.0
      C098 GCYM 1509251552 11002400 4572.681   1000.0    23.0
      C098 GCYM 1509251707 11001020 4588.438   1000.0    29.0
      C098 GCYM 1509251857 11000220 4572.751   1000.0    22.0
99999