       ai   CAR
      C097 GCYM 1608210838 11000220 5526.622   1028.0    27.0
      C097 GCYM 1608210950 11019721 5504.223   1026.0    27.0
      C097 GCYM 1608211023 11090100 5478.980   1011.0    29.0
      C097 GCYM 1608211032 11090101 5463.147   1000.0    29.0
      C097 GCYM 1608211048 11020220 5397.465    966.0    29.0
      C097 GCYM 1608211100 11090102 5373.733    954.0    32.0
      C097 GCYM 1608211114 11020220 5397.466    966.0    32.0
      C097 GCYM 1608211136 11090101 5463.120    997.0    30.0
      C097 GCYM 1608211148 11090100 5478.949   1007.0    30.0
      C097 GCYM 1608211350 11090100 5478.915   1008.0    32.0
      C097 GCYM 1608211417 11019721 5504.117   1022.0    32.0
      C097 GCYM 1608211525 11000220 5526.479   1027.0    32.0
55555
      C097 GCYM 1608221011 11090102 5373.855    956.0    26.0
      C097 GCYM 1608221044 13062320 5355.711    950.0    28.0
      C097 GCYM 1608221134 13062420 5383.642    979.0    30.0
      C097 GCYM 1608221256 13062520 5381.486    972.0    32.0
      C097 GCYM 1608221315 13062620 5368.387    972.0    32.0
      C097 GCYM 1608221335 13062721 5338.707    953.0    32.0
      C097 GCYM 1608221425 13062822 5252.749    922.0    31.0
      C097 GCYM 1608221500 13062920 5309.129    943.0    31.0
      C097 GCYM 1608221541 13064021 5378.028    970.0    31.0
      C097 GCYM 1608221619 13064320 5392.652    972.0    32.0
      C097 GCYM 1608221655 13064220 5392.383    973.0    30.0
55555
      C097 GCYM 1608230840 13064220 5392.533    974.0    24.0
      C097 GCYM 1608230933 13064120 5383.923    976.0    24.0
      C097 GCYM 1608231030 11003021 5402.542    977.0    26.0
      C097 GCYM 1608231100 10119201 5391.121    972.0    26.0
      C097 GCYM 1608231133 11002802 5465.855   1006.0    26.0
      C097 GCYM 1608231201 11019620 5522.176   1023.0    30.0
      C097 GCYM 1608231242 10100100 5518.097   1019.0    30.0
      C097 GCYM 1608231310 11019620 5522.163   1022.0    30.0
      C097 GCYM 1608231402 11002802 5465.805   1004.0    30.0
      C097 GCYM 1608231448 10119201 5391.060    970.0    28.0
      C097 GCYM 1608231516 11003021 5402.480    975.0    28.0
      C097 GCYM 1608231548 13064121 5379.260    972.0    28.0
      C097 GCYM 1608231608 13064120 5383.874    974.0    27.0
      C097 GCYM 1608231628 13064121 5379.269    972.0    28.0
      C097 GCYM 1608231705 13064220 5392.506    970.0    26.0
      C097 GCYM 1608231742 13064320 5392.810    969.0    25.0
      C097 GCYM 1608231814 13064021 5378.226    967.0    25.0
55555
      C097 GCYM 1608240819 13064021 5378.320    972.0    26.0
      C097 GCYM 1608240902 13062920 5309.428    942.0    26.0
      C097 GCYM 1608241000 13062822 5253.056    915.0    28.0
      C097 GCYM 1608241033 13062721 5339.029    949.0    29.0
      C097 GCYM 1608241058 13062620 5368.706    965.0    31.0
      C097 GCYM 1608241123 13062520 5381.796    966.0    31.0
      C097 GCYM 1608241158 13062420 5383.923    970.0    33.0
      C097 GCYM 1608241327 13062320 5355.962    942.0    30.0
      C097 GCYM 1608241358 11090102 5374.104    946.0    29.0
55555
      C097 GCYM 1608250841 11000220 5526.977   1026.0    24.0
      C097 GCYM 1608250915 11004021 5525.353   1026.0    24.0
      C097 GCYM 1608250951 11010420 5503.954   1025.0    24.0
      C097 GCYM 1608251025 11010320 5511.757   1030.0    26.0
      C097 GCYM 1608251109 11010922 5502.521   1030.0    26.0
      C097 GCYM 1608251141 13008320 5488.804   1030.0    26.0
      C097 GCYM 1608251224 13008420 5489.864   1032.0    28.0
      C097 GCYM 1608251258 13008520 5485.275   1033.0    28.0
      C097 GCYM 1608251416 13008622 5484.179   1033.0    28.0
      C097 GCYM 1608251455 13008520 5485.295   1033.0    27.0
      C097 GCYM 1608251528 13008420 5489.866   1032.0    27.0
      C097 GCYM 1608251614 13008320 5488.788   1031.0    27.0
      C097 GCYM 1608251655 13008220 5490.856   1031.0    27.0
55555
      C097 GCYM 1608260823 13008220 5490.856   1034.0    25.0
      C097 GCYM 1608260906 13013632 5463.532   1036.0    25.0
      C097 GCYM 1608260930 13015015 5462.960   1036.0    24.0
      C097 GCYM 1608261002 13013520 5472.681   1036.0    24.0
      C097 GCYM 1608261100 13008721 5451.365   1036.0    26.0
      C097 GCYM 1608261142 13013520 5472.710   1036.0    26.0
      C097 GCYM 1608261228 13015015 5463.021   1031.0    26.0
      C097 GCYM 1608261348 13013632 5463.612   1033.0    29.0
      C097 GCYM 1608261432 13008220 5490.943   1031.0    30.0
      C097 GCYM 1608261502 13008123 5489.401   1031.0    30.0
      C097 GCYM 1608261550 13008022 5461.876   1032.0    30.0
      C097 GCYM 1608261642 13008123 5489.398   1032.0    29.0
      C097 GCYM 1608261712 13008220 5490.952   1032.0    29.0
55555
      C097 GCYM 1608270822 13008220 5490.950   1033.0    27.0
      C097 GCYM 1608270900 13008320 5488.890   1033.0    27.0
      C097 GCYM 1608270952 11010922 5502.638   1033.0    27.0
      C097 GCYM 1608271023 10100200 5499.358   1030.0    27.0
55555
      C097 GCYM 1608271507 11010922 5502.742   1026.0    29.0
      C097 GCYM 1608271534 11010320 5512.006   1025.0    30.0
      C097 GCYM 1608271621 11010420 5504.234   1020.0    28.0
      C097 GCYM 1608271708 11004021 5525.652   1025.0    27.0
      C097 GCYM 1608271751 11000220 5527.292   1028.0    27.0
55555
      C097 GCYM 1608290857 11000220 5527.422   1032.0    24.0
      C097 GCYM 1608290946 11003902 5522.378   1026.0    25.0
      C097 GCYM 1608290953 11013902 5522.432   1026.0    25.0
      C097 GCYM 1608291002 11003902 5522.377   1026.0    25.0
      C097 GCYM 1608291058 11004120 5531.848   1028.0    27.0
      C097 GCYM 1608291124 11014121 5503.771   1015.0    13.0
      C097 GCYM 1608291150 11004120 5531.871   1031.0    27.0
      C097 GCYM 1608291240 11003820 5529.756   1025.0    29.0
      C097 GCYM 1608291316 11019721 5505.102   1022.0    30.0
      C097 GCYM 1608291353 11003820 5529.828   1023.0    30.0
      C097 GCYM 1608291418 11004120 5531.978   1025.0    30.0
      C097 GCYM 1608291507 11003902 5522.531   1024.0    26.0
      C097 GCYM 1608291557 11000220 5527.591   1030.0    26.0
55555
      C097 GCYM 1608300835 11000220 5527.619   1026.0    24.0
      C097 GCYM 1608300927 11010124 5530.512   1027.0    26.0
      C097 GCYM 1608301015 11010223 5534.500   1026.0    28.0
      C097 GCYM 1608301056 11010520 5505.496   1026.0    30.0
      C097 GCYM 1608301125 13008520 5485.814   1026.0    30.0
      C097 GCYM 1608301239 11010520 5505.515   1025.0    30.0
      C097 GCYM 1608301322 11010223 5534.552   1022.0    30.0
      C097 GCYM 1608301358 11010124 5530.560   1020.0    30.0
      C097 GCYM 1608301458 11000220 5527.687   1015.0    30.0
55555
      C097 GCYM 1609031138 13064422 5386.661    960.0    36.0
      C097 GCYM 1609031220 13064524 5397.143    962.0    28.0
      C097 GCYM 1609031347 13072100 5338.198    933.0    31.0
      C097 GCYM 1609031454 13072200 5348.761    930.0    32.0
      C097 GCYM 1609031613 13072301 5326.418    920.0    28.0
      C097 GCYM 1609031713 13090000 5311.226    915.0    24.0
      C097 GCYM 1609031801 13090101 5421.433    950.0    25.0
55555
      C097 GCYM 1609040819 13090101 5421.607    960.0    22.0
      C097 GCYM 1609040909 13090000 5311.423    916.0    20.0
      C097 GCYM 1609040952 13072301 5326.656    928.0    23.0
      C097 GCYM 1609041103 13072200 5349.052    933.0    34.0
      C097 GCYM 1609041211 13072100 5338.492    937.0    30.0
      C097 GCYM 1609041302 13064524 5397.431    965.0    30.0
      C097 GCYM 1609041422 13064422 5386.936    963.0    20.0
      C097 GCYM 1609041517 13064620 5378.678    950.0    24.0
      C097 GCYM 1609041602 13072402 5355.608    940.0    23.0
55555
      C097 GCYM 1609050904 13072402 5355.872    945.0    20.0
      C097 GCYM 1609050919 10107200 5351.958    946.0    22.0
      C097 GCYM 1609050933 13072402 5355.893    944.0    24.0
      C097 GCYM 1609051002 13072600 5302.207    918.0    21.0
      C097 GCYM 1609051114 13072701 5258.338    882.0    25.0
      C097 GCYM 1609051146 13072801 5237.362    874.0    23.0
      C097 GCYM 1609051248 13090400 5220.839    873.0    25.0
      C097 GCYM 1609051405 15024600 5270.658    892.0    28.0
      C097 GCYM 1609051438 98000100 5247.522    894.0    25.0
      C097 GCYM 1609051540 98000201 5299.031    928.0    26.0
      C097 GCYM 1609051657 98050800 5256.511    922.0    25.0
      C097 GCYM 1609051729 98051500 5232.553    900.0    24.0
      C097 GCYM 1609051811 10114700 5263.136    928.0    24.0
      C097 GCYM 1609051854 13064920 5260.666    928.0    24.0
55555
      C097 GCYM 1609060853 13064920 5260.838    934.0    23.0
      C097 GCYM 1609060923 10114700 5263.338    924.0    23.0
      C097 GCYM 1609060959 98051500 5232.786    903.0    25.0
      C097 GCYM 1609061027 98050800 5256.785    925.0    24.0
      C097 GCYM 1609061140 98000201 5299.358    930.0    24.0
      C097 GCYM 1609061232 98000100 5247.870    891.0    23.0
      C097 GCYM 1609061304 15024600 5270.998    888.0    28.0
      C097 GCYM 1609061404 13090400 5221.177    864.0    27.0
      C097 GCYM 1609061439 13072801 5237.686    871.0    26.0
      C097 GCYM 1609061517 13072701 5258.681    875.0    26.0
      C097 GCYM 1609061606 13072600 5302.547    912.0    27.0
      C097 GCYM 1609061643 13072402 5356.244    938.0    26.0
      C097 GCYM 1609061722 13064620 5379.364    950.0    26.0
      C097 GCYM 1609061816 13064422 5387.686    958.0    25.0
55555
      C097 GCYM 1609070846 13064422 5387.861    960.0    24.0
      C097 GCYM 1609070923 13064320 5395.645    970.0    23.0
      C097 GCYM 1609071001 13064422 5387.880    960.0    26.0
      C097 GCYM 1609071124 13064720 5268.167    910.0    27.0
      C097 GCYM 1609071221 13064821 5272.250    932.0    26.0
      C097 GCYM 1609071309 13064920 5261.157    930.0    25.0
      C097 GCYM 1609071415 14080123 5237.432    928.0    25.0
      C097 GCYM 1609071501 14080220 5222.978    915.0    25.0
      C097 GCYM 1609071551 14080123 5237.479    928.0    25.0
      C097 GCYM 1609071638 13064920 5261.164    930.0    20.0
55555
      C097 GCYM 1609080839 13064920 5261.420    930.0    26.0
      C097 GCYM 1609080921 13064821 5272.562    938.0    22.0
      C097 GCYM 1609081007 98052300 5284.282    938.0    26.0
      C097 GCYM 1609081038 98052400 5246.537    932.0    24.0
      C097 GCYM 1609081113 98052300 5284.294    935.0    29.0
      C097 GCYM 1609081147 13064821 5272.594    932.0    25.0
      C097 GCYM 1609081320 13064720 5268.519    905.0    28.0
      C097 GCYM 1609081405 13064422 5388.227    958.0    28.0
55555
      C097 GCYM 1609090910 98052400 5246.803    935.0    20.0
      C097 GCYM 1609090941 98052200 5263.566    940.0    20.0
      C097 GCYM 1609091029 98052100 5222.113    908.0    20.0
      C097 GCYM 1609091128 13062822 5256.396    920.0    24.0
      C097 GCYM 1609091222 98001200 5331.604    970.0    25.0
      C097 GCYM 1609091420 98000600 5372.004    984.0    25.0
      C097 GCYM 1609091547 13060320 5324.974    974.0    28.0
      C097 GCYM 1609091634 13060220 5398.708   1020.0    28.0
      C097 GCYM 1609091732 13008022 5465.064   1026.0    25.0
55555
      C097 GCYM 1609100843 13008022 5465.161   1030.0    23.0
      C097 GCYM 1609100947 13060220 5398.823   1015.0    23.0
      C097 GCYM 1609101037 13060320 5325.099    978.0    22.0
      C097 GCYM 1609101136 98000600 5372.160    988.0    22.0
      C097 GCYM 1609101242 98001200 5331.825    971.0    24.0
      C097 GCYM 1609101417 13062822 5256.694    918.0    26.0
      C097 GCYM 1609101452 98052100 5222.460    900.0    27.0
      C097 GCYM 1609101531 98052200 5263.920    934.0    24.0
      C097 GCYM 1609101558 98052400 5247.194    930.0    25.0
55555
      C097 GCYM 1609110847 98052400 5247.291    938.0    19.0
      C097 GCYM 1609110918 98052500 5211.905    915.0    20.0
      C097 GCYM 1609111100 98000700 5215.070    920.0    21.0
      C097 GCYM 1609111131 14023401 5248.003    947.0    21.0
      C097 GCYM 1609111312 14034101 5249.423    955.0    21.0
      C097 GCYM 1609111334 14034100 5246.283    953.0    23.0
      C097 GCYM 1609111401 14034101 5249.482    956.0    26.0
      C097 GCYM 1609111615 14023401 5248.166    946.0    21.0
55555
      C097 GCYM 1609120829 14023401 5248.217    950.0    19.0
      C097 GCYM 1609120905 13072003 5262.115    968.0    21.0
      C097 GCYM 1609120940 13072001 5259.892    964.0    25.0
      C097 GCYM 1609120959 13072003 5262.142    964.0    23.0
      C097 GCYM 1609121119 13060320 5325.740    985.0    26.0
      C097 GCYM 1609121206 13072003 5262.235    964.0    24.0
      C097 GCYM 1609121246 14023401 5248.369    950.0    24.0
      C097 GCYM 1609121421 98000700 5215.552    924.0    22.0
      C097 GCYM 1609121524 98052500 5212.494    915.0    24.0
      C097 GCYM 1609121548 98052400 5247.897    932.0    25.0
55555
      C097 GCYM 1609191020 11019721 5510.435   1040.0    20.0
      C097 GCYM 1609191113 11019620 5528.204   1038.0    24.0
      C097 GCYM 1609191159 11002521 5544.408   1040.0    25.0
      C097 GCYM 1609191227 11019120 5539.092   1038.0    27.0
      C097 GCYM 1609191341 11002400 5532.649   1038.0    25.0
      C097 GCYM 1609191419 11002322 5543.104   1038.0    26.0
      C097 GCYM 1609191502 11018920 5489.199   1018.0    25.0
      C097 GCYM 1609191528 11018621 5492.417   1008.0    27.0
      C097 GCYM 1609191607 11003420 5427.039    971.0    27.0
      C097 GCYM 1609191731 11003320 5407.675    960.0    22.0
      C097 GCYM 1609191850 11003221 5430.537    988.0    18.0
      C097 GCYM 1609191924 11003021 5408.690    990.0    18.0
55555
      C097 GCYM 1609200823 11003021 5408.806    990.0    15.0
      C097 GCYM 1609200856 11003221 5430.649    988.0    17.0
      C097 GCYM 1609200926 11003320 5407.847    966.0    20.0
      C097 GCYM 1609201011 11003420 5427.283    974.0    23.0
      C097 GCYM 1609201044 11018621 5492.676   1010.0    22.0
      C097 GCYM 1609201111 11018920 5489.468   1018.0    24.0
      C097 GCYM 1609201153 11002322 5543.375   1035.0    26.0
      C097 GCYM 1609201230 11002400 5532.905   1030.0    27.0
      C097 GCYM 1609201335 11019120 5539.326   1034.0    26.0
      C097 GCYM 1609201403 11002521 5544.615   1032.0    24.0
      C097 GCYM 1609201452 11019620 5528.384   1030.0    24.0
      C097 GCYM 1609201521 11019721 5510.588   1030.0    28.0
55555
      C097 GCYM 1609220902 11000220 5533.326   1032.0    20.0
      C097 GCYM 1609221046 11001020 5549.025   1028.0    26.0
55555
      C097 GCYM 1609221254 11001020 5549.036   1030.0    26.0
      C097 GCYM 1609221334 11017520 5547.190   1030.0    25.0
      C097 GCYM 1609221402 13060420 5519.342   1030.0    27.0
      C097 GCYM 1609221427 12017625 5493.207   1030.0    28.0
      C097 GCYM 1609221448 12000525 5470.262   1030.0    27.0
      C097 GCYM 1609221508 12021420 5479.681   1030.0    24.0
      C097 GCYM 1609221538 13060526 5491.317   1030.0    24.0
      C097 GCYM 1609221623 13060620 5496.817   1030.0    25.0
      C097 GCYM 1609221654 13060720 5489.728   1030.0    25.0
      C097 GCYM 1609221732 13008520 5491.697   1030.0    25.0
55555      
      C097 GCYM 1609230834 13008520 5491.777   1030.0    21.0
      C097 GCYM 1609230916 13060720 5489.858   1031.0    21.0
      C097 GCYM 1609230959 13060620 5496.987   1030.0    26.0
      C097 GCYM 1609231030 13060526 5491.522   1030.0    27.0
      C097 GCYM 1609231155 12021420 5479.903   1030.0    28.0
      C097 GCYM 1609231214 12000525 5470.491   1030.0    28.0
      C097 GCYM 1609231249 12013025 5469.265   1030.0    28.0
      C097 GCYM 1609231358 12012820 5489.207   1030.0    27.0
      C097 GCYM 1609231438 12012721 5479.086   1030.0    28.0
      C097 GCYM 1609231523 13008821 5462.525   1030.0    25.0
      C097 GCYM 1609231616 13008721 5457.898   1030.0    23.0
      C097 GCYM 1609231708 13008622 5490.783   1025.0    24.0
      C097 GCYM 1609231741 13008721 5457.912   1030.0    22.0
55555
      C097 GCYM 1609240840 13008721 5457.955   1030.0    25.0
      C097 GCYM 1609240954 13008821 5462.625   1030.0    23.0
      C097 GCYM 1609241033 12012721 5479.203   1030.0    24.0
      C097 GCYM 1609241126 12012820 5489.339   1028.0    26.0
      C097 GCYM 1609241232 12013025 5469.423   1030.0    28.0
      C097 GCYM 1609241333 12000525 5470.666   1030.0    26.0
      C097 GCYM 1609241355 12017625 5493.614   1028.0    25.0
      C097 GCYM 1609241416 13060420 5519.761   1025.0    22.0
      C097 GCYM 1609241443 11017520 5547.617   1025.0    26.0
      C097 GCYM 1609241541 11001020 5549.484   1025.0    27.0
      C097 GCYM 1609241650 11000220 5533.825   1021.0    26.0
99999