       ai   CAR
      C098 GCYM 1608210840 11000220 4834.051   1028.0    27.0
      C098 GCYM 1608210950 11019721 4811.621   1026.0    27.0
      C098 GCYM 1608211024 11090100 4786.365   1011.0    29.0
      C098 GCYM 1608211032 11090101 4770.520   1000.0    29.0
      C098 GCYM 1608211049 11020220 4704.760    966.0    29.0
      C098 GCYM 1608211101 11090102 4680.976    954.0    32.0
      C098 GCYM 1608211115 11020220 4704.743    966.0    32.0
      C098 GCYM 1608211138 11090101 4770.480    997.0    30.0
      C098 GCYM 1608211149 11090100 4786.328   1007.0    30.0
      C098 GCYM 1608211351 11090100 4786.289   1008.0    32.0
      C098 GCYM 1608211417 11019721 4811.524   1022.0    32.0
      C098 GCYM 1608211531 11000220 4833.928   1027.0    32.0
55555
      C098 GCYM 1608221013 11090102 4733.520    956.0    26.0
      C098 GCYM 1608221046 13062320 4715.341    950.0    28.0
      C098 GCYM 1608221135 13062420 4743.269    979.0    30.0
      C098 GCYM 1608221257 13062520 4741.111    972.0    32.0
      C098 GCYM 1608221316 13062620 4727.999    972.0    32.0
      C098 GCYM 1608221335 13062721 4698.285    953.0    32.0
      C098 GCYM 1608221426 13062822 4612.219    922.0    31.0
      C098 GCYM 1608221501 13062920 4668.687    943.0    31.0
      C098 GCYM 1608221541 13064021 4737.665    970.0    31.0
      C098 GCYM 1608221619 13064320 4752.314    972.0    32.0
      C098 GCYM 1608221655 13064220 4752.050    973.0    30.0
55555
      C098 GCYM 1608230841 13064220 4752.111    974.0    24.0
      C098 GCYM 1608230934 13064120 4743.501    976.0    24.0
      C098 GCYM 1608231031 11003021 4762.154    977.0    26.0
      C098 GCYM 1608231101 10119201 4750.727    972.0    26.0
      C098 GCYM 1608231134 11002802 4825.572   1006.0    26.0
      C098 GCYM 1608231201 11019620 4881.976   1023.0    30.0
      C098 GCYM 1608231242 10100100 4877.897   1019.0    30.0
      C098 GCYM 1608231311 11019620 4881.959   1022.0    30.0
      C098 GCYM 1608231403 11002802 4825.546   1004.0    30.0
      C098 GCYM 1608231449 10119201 4750.701    970.0    28.0
      C098 GCYM 1608231516 11003021 4762.134    975.0    28.0
      C098 GCYM 1608231549 13064121 4738.884    972.0    28.0
      C098 GCYM 1608231610 13064120 4743.513    974.0    27.0
      C098 GCYM 1608231628 13064121 4738.907    972.0    28.0
      C098 GCYM 1608231705 13064220 4752.174    970.0    26.0
      C098 GCYM 1608231744 13064320 4752.466    969.0    25.0
      C098 GCYM 1608231814 13064021 4737.863    967.0    25.0
55555
      C098 GCYM 1608240821 13064021 4737.995    972.0    26.0
      C098 GCYM 1608240902 13062920 4669.036    942.0    26.0
      C098 GCYM 1608241001 13062822 4612.584    915.0    28.0
      C098 GCYM 1608241033 13062721 4698.670    949.0    29.0
      C098 GCYM 1608241058 13062620 4728.388    965.0    31.0
      C098 GCYM 1608241124 13062520 4741.502    966.0    31.0
      C098 GCYM 1608241158 13062420 4743.642    970.0    33.0
      C098 GCYM 1608241328 13062320 4715.675    942.0    30.0
      C098 GCYM 1608241400 11090102 4733.825    946.0    29.0
55555
      C098 GCYM 1608250842 11000220 4886.944   1026.0    24.0
      C098 GCYM 1608250917 11004021 4885.307   1026.0    24.0
      C098 GCYM 1608250951 11010420 4863.853   1025.0    24.0
      C098 GCYM 1608251034 11010320 4871.639   1030.0    26.0
      C098 GCYM 1608251110 11010922 4862.389   1030.0    26.0
      C098 GCYM 1608251141 13008320 4848.660   1030.0    26.0
      C098 GCYM 1608251224 13008420 4849.718   1032.0    28.0
      C098 GCYM 1608251258 13008520 4845.149   1033.0    28.0
      C098 GCYM 1608251416 13008622 4844.019   1033.0    28.0
      C098 GCYM 1608251456 13008520 4845.122   1033.0    27.0
      C098 GCYM 1608251528 13008420 4849.693   1032.0    27.0
      C098 GCYM 1608251614 13008320 4848.608   1031.0    27.0
      C098 GCYM 1608251655 13008220 4850.668   1031.0    27.0
55555     
      C098 GCYM 1608260824 13008220 4850.530   1034.0    25.0
      C098 GCYM 1608260907 13013632 4823.179   1036.0    25.0
      C098 GCYM 1608260930 13015015 4822.593   1036.0    24.0
      C098 GCYM 1608261003 13013520 4832.341   1036.0    24.0
      C098 GCYM 1608261053 13008721 4810.985   1036.0    26.0
      C098 GCYM 1608261142 13013520 4832.362   1036.0    26.0
      C098 GCYM 1608261228 13015015 4822.654   1031.0    26.0
      C098 GCYM 1608261348 13013632 4823.253   1033.0    29.0
      C098 GCYM 1608261433 13008220 4850.632   1031.0    30.0
      C098 GCYM 1608261503 13008123 4849.069   1031.0    30.0
      C098 GCYM 1608261550 13008022 4821.515   1032.0    30.0
      C098 GCYM 1608261644 13008123 4849.056   1032.0    29.0
      C098 GCYM 1608261712 13008220 4850.632   1032.0    29.0
55555     
      C098 GCYM 1608270822 13008220 4850.607   1033.0    27.0
      C098 GCYM 1608270900 13008320 4848.531   1033.0    27.0
      C098 GCYM 1608270953 11010922 4862.269   1033.0    27.0
      C098 GCYM 1608271024 10100200 4859.005   1030.0    27.0
55555
      C098 GCYM 1608271508 11010922 4862.332   1026.0    29.0
      C098 GCYM 1608271535 11010320 4871.599   1025.0    30.0
      C098 GCYM 1608271621 11010420 4863.812   1020.0    28.0
      C098 GCYM 1608271708 11004021 4885.261   1025.0    27.0
      C098 GCYM 1608271751 11000220 4886.884   1028.0    27.0
55555
      C098 GCYM 1608290857 11000220 4886.711   1032.0    24.0
      C098 GCYM 1608290946 11003902 4881.663   1026.0    25.0
      C098 GCYM 1608290953 11013902 4881.720   1026.0    25.0
      C098 GCYM 1608291003 11003902 4881.670   1026.0    25.0
      C098 GCYM 1608291058 11004120 4891.172   1028.0    27.0
      C098 GCYM 1608291124 11014121 4863.040   1015.0    13.0
      C098 GCYM 1608291151 11004120 4891.189   1031.0    27.0
      C098 GCYM 1608291241 11003820 4889.071   1025.0    29.0
      C098 GCYM 1608291317 11019721 4864.380   1022.0    30.0
      C098 GCYM 1608291355 11003820 4889.134   1023.0    30.0
      C098 GCYM 1608291419 11004120 4891.286   1025.0    30.0
      C098 GCYM 1608291508 11003902 4881.811   1024.0    26.0
      C098 GCYM 1608291558 11000220 4886.876   1030.0    26.0
55555
      C098 GCYM 1608300836 11000220 4886.798   1026.0    24.0
      C098 GCYM 1608300927 11010124 4889.699   1027.0    26.0
      C098 GCYM 1608301015 11010223 4893.700   1026.0    28.0
      C098 GCYM 1608301052 11010520 4864.656   1026.0    30.0
      C098 GCYM 1608301125 13008520 4844.940   1026.0    30.0
      C098 GCYM 1608301239 11010520 4864.659   1025.0    30.0
      C098 GCYM 1608301316 11010223 4893.719   1022.0    30.0
      C098 GCYM 1608301400 11010124 4889.737   1020.0    30.0
      C098 GCYM 1608301458 11000220 4886.840   1015.0    30.0
55555
      C098 GCYM 1609031139 13064422 4745.185    960.0    36.0
      C098 GCYM 1609031220 13064524 4755.691    962.0    28.0
      C098 GCYM 1609031348 13072100 4696.686    933.0    31.0
      C098 GCYM 1609031455 13072200 4707.267    930.0    32.0
      C098 GCYM 1609031614 13072301 4684.896    920.0    28.0
      C098 GCYM 1609031714 13090000 4669.670    915.0    24.0
      C098 GCYM 1609031801 13090101 4780.015    950.0    25.0
55555
      C098 GCYM 1609040820 13090101 4780.120    960.0    22.0      
      C098 GCYM 1609040910 13090000 4669.827    916.0    20.0
      C098 GCYM 1609040953 13072301 4685.101    928.0    23.0
      C098 GCYM 1609041104 13072200 4707.530    933.0    34.0
      C098 GCYM 1609041212 13072100 4696.994    937.0    30.0
      C098 GCYM 1609041303 13064524 4756.017    965.0    30.0
      C098 GCYM 1609041422 13064422 4745.535    963.0    20.0
      C098 GCYM 1609041518 13064620 4737.287    950.0    24.0
      C098 GCYM 1609041603 13072402 4714.180    940.0    23.0
55555
      C098 GCYM 1609050905 13072402 4714.524    945.0    20.0
      C098 GCYM 1609050919 10107200 4710.583    946.0    22.0
      C098 GCYM 1609050934 13072402 4714.529    944.0    24.0
      C098 GCYM 1609051002 13072600 4660.786    918.0    21.0
      C098 GCYM 1609051114 13072701 4616.849    882.0    25.0
      C098 GCYM 1609051146 13072801 4595.860    874.0    23.0
      C098 GCYM 1609051248 13090400 4579.347    873.0    25.0
      C098 GCYM 1609051405 15024600 4629.235    892.0    28.0
      C098 GCYM 1609051438 98000100 4606.104    894.0    25.0
      C098 GCYM 1609051540 98000201 4657.673    928.0    26.0
      C098 GCYM 1609051657 98050800 4615.106    922.0    25.0
      C098 GCYM 1609051730 98051500 4591.106    900.0    24.0
      C098 GCYM 1609051811 10114700 4621.746    928.0    24.0
      C098 GCYM 1609051843 13064920 4619.297    928.0    24.0
55555
      C098 GCYM 1609060839 13064920 4619.505    934.0    23.0
      C098 GCYM 1609060923 10114700 4622.004    924.0    23.0
      C098 GCYM 1609061000 98051500 4591.415    903.0    25.0
      C098 GCYM 1609061027 98050800 4615.447    925.0    24.0
      C098 GCYM 1609061140 98000201 4658.075    930.0    24.0
      C098 GCYM 1609061232 98000100 4606.552    891.0    23.0
      C098 GCYM 1609061304 15024600 4629.707    888.0    28.0
      C098 GCYM 1609061405 13090400 4579.854    864.0    27.0
      C098 GCYM 1609061440 13072801 4596.385    871.0    26.0
      C098 GCYM 1609061517 13072701 4617.408    875.0    26.0
      C098 GCYM 1609061606 13072600 4661.364    912.0    27.0
      C098 GCYM 1609061644 13072402 4715.135    938.0    26.0
      C098 GCYM 1609061723 13064620 4738.293    950.0    26.0
      C098 GCYM 1609061812 13064422 4746.616    958.0    25.0
55555
      C098 GCYM 1609070847 13064422 4746.683    960.0    24.0
      C098 GCYM 1609070923 13064320 4754.515    970.0    23.0
      C098 GCYM 1609071002 13064422 4746.736    960.0    26.0
      C098 GCYM 1609071124 13064720 4626.908    910.0    27.0
      C098 GCYM 1609071218 13064821 4631.022    932.0    26.0
      C098 GCYM 1609071300 13064920 4619.911    930.0    25.0
      C098 GCYM 1609071412 14080123 4596.179    928.0    25.0
      C098 GCYM 1609071502 14080220 4581.708    915.0    25.0
      C098 GCYM 1609071551 14080123 4596.229    928.0    25.0
      C098 GCYM 1609071626 13064920 4619.972    930.0    20.0
55555
      C098 GCYM 1609080829 13064920 4620.186    930.0    26.0
      C098 GCYM 1609080921 13064821 4631.340    938.0    22.0
      C098 GCYM 1609081007 98052300 4643.102    938.0    26.0
      C098 GCYM 1609081038 98052400 4605.313    932.0    24.0
      C098 GCYM 1609081113 98052300 4643.138    935.0    29.0
      C098 GCYM 1609081148 13064821 4631.425    932.0    25.0
      C098 GCYM 1609081321 13064720 4627.336    905.0    28.0
      C098 GCYM 1609081357 13064422 4747.214    958.0    28.0
55555
      C098 GCYM 1609090910 98052400 4605.739    935.0    20.0
      C098 GCYM 1609090942 98052200 4622.526    940.0    20.0
      C098 GCYM 1609091025 98052100 4581.062    908.0    20.0
      C098 GCYM 1609091129 13062822 4615.387    920.0    24.0
      C098 GCYM 1609091223 98001200 4690.690    970.0    25.0
      C098 GCYM 1609091420 98000600 4731.126    984.0    25.0
      C098 GCYM 1609091537 13060320 4684.084    974.0    28.0
      C098 GCYM 1609091625 13060220 4757.898   1020.0    28.0
      C098 GCYM 1609091732 13008022 4824.331   1026.0    25.0
55555
      C098 GCYM 1609100843 13008022 4824.302   1030.0    23.0
      C098 GCYM 1609100939 13060220 4757.878   1015.0    23.0
      C098 GCYM 1609101024 13060320 4684.107    978.0    22.0
      C098 GCYM 1609101137 98000600 4731.202    988.0    22.0
      C098 GCYM 1609101242 98001200 4690.829    971.0    24.0
      C098 GCYM 1609101417 13062822 4615.586    918.0    26.0
      C098 GCYM 1609101452 98052100 4581.314    900.0    27.0
      C098 GCYM 1609101531 98052200 4622.829    934.0    24.0
      C098 GCYM 1609101559 98052400 4606.073    930.0    25.0
55555
      C098 GCYM 1609110847 98052400 4606.253    938.0    19.0
      C098 GCYM 1609110911 98052500 4570.816    915.0    20.0
      C098 GCYM 1609111101 98000700 4574.003    920.0    21.0
      C098 GCYM 1609111131 14023401 4606.990    947.0    21.0
      C098 GCYM 1609111312 14034101 4608.395    955.0    21.0
      C098 GCYM 1609111335 14034100 4605.237    953.0    23.0
      C098 GCYM 1609111401 14034101 4608.428    956.0    26.0
      C098 GCYM 1609111623 14023401 4607.113    946.0    21.0
55555
      C098 GCYM 1609120822 14023401 4607.256    950.0    19.0
      C098 GCYM 1609120905 13072003 4621.175    968.0    21.0
      C098 GCYM 1609120928 13072001 4618.952    964.0    25.0
      C098 GCYM 1609121000 13072003 4621.183    964.0    23.0
      C098 GCYM 1609121107 13060320 4684.871    985.0    26.0
      C098 GCYM 1609121207 13072003 4621.256    964.0    24.0
      C098 GCYM 1609121254 14023401 4607.385    950.0    24.0
      C098 GCYM 1609121422 98000700 4574.498    924.0    22.0
      C098 GCYM 1609121525 98052500 4571.423    915.0    24.0
      C098 GCYM 1609121549 98052400 4606.881    932.0    25.0
55555
      C098 GCYM 1609191021 11019721 4868.965   1040.0    20.0
      C098 GCYM 1609191113 11019620 4886.742   1038.0    24.0
      C098 GCYM 1609191200 11002521 4902.959   1040.0    25.0
      C098 GCYM 1609191227 11019120 4897.629   1038.0    27.0
      C098 GCYM 1609191342 11002400 4891.181   1038.0    25.0
      C098 GCYM 1609191420 11002322 4901.649   1038.0    26.0
      C098 GCYM 1609191502 11018920 4847.688   1018.0    25.0
      C098 GCYM 1609191529 11018621 4850.901   1008.0    27.0
      C098 GCYM 1609191608 11003420 4785.433    971.0    27.0
      C098 GCYM 1609191732 11003320 4766.058    960.0    22.0
      C098 GCYM 1609191851 11003221 4788.927    988.0    18.0
      C098 GCYM 1609191925 11003021 4767.057    990.0    18.0
55555
      C098 GCYM 1609200823 11003021 4767.176    990.0    15.0
      C098 GCYM 1609200856 11003221 4789.053    988.0    17.0
      C098 GCYM 1609200927 11003320 4766.239    966.0    20.0
      C098 GCYM 1609201011 11003420 4785.673    974.0    23.0
      C098 GCYM 1609201045 11018621 4851.172   1010.0    22.0
      C098 GCYM 1609201112 11018920 4847.965   1018.0    24.0
      C098 GCYM 1609201153 11002322 4901.931   1035.0    26.0
      C098 GCYM 1609201231 11002400 4891.446   1030.0    27.0
      C098 GCYM 1609201335 11019120 4897.885   1034.0    26.0
      C098 GCYM 1609201404 11002521 4903.197   1032.0    24.0
      C098 GCYM 1609201453 11019620 4886.962   1030.0    24.0
      C098 GCYM 1609201521 11019721 4869.164   1030.0    28.0
55555
      C098 GCYM 1609220902 11000220 4891.648   1032.0    20.0
      C098 GCYM 1609221047 11001020 4907.370   1028.0    26.0
55555
      C098 GCYM 1609221254 11001020 4907.353   1030.0    26.0
      C098 GCYM 1609221334 11017520 4905.484   1030.0    25.0
      C098 GCYM 1609221402 13060420 4877.579   1030.0    27.0
      C098 GCYM 1609221428 12017625 4851.397   1030.0    28.0
      C098 GCYM 1609221449 12000525 4828.434   1030.0    27.0
      C098 GCYM 1609221508 12021420 4837.861   1030.0    24.0
      C098 GCYM 1609221538 13060526 4849.514   1030.0    24.0
      C098 GCYM 1609221623 13060620 4855.032   1030.0    25.0
      C098 GCYM 1609221655 13060720 4847.914   1030.0    25.0
      C098 GCYM 1609221732 13008520 4849.882   1030.0    25.0
55555
      C098 GCYM 1609230825 13008520 4849.842   1030.0    21.0
      C098 GCYM 1609230917 13060720 4847.915   1031.0    21.0
      C098 GCYM 1609230959 13060620 4855.059   1030.0    26.0
      C098 GCYM 1609231031 13060526 4849.565   1030.0    27.0
      C098 GCYM 1609231156 12021420 4837.925   1030.0    28.0
      C098 GCYM 1609231215 12000525 4828.495   1030.0    28.0
      C098 GCYM 1609231250 12013025 4827.268   1030.0    28.0
      C098 GCYM 1609231359 12012820 4847.243   1030.0    27.0
      C098 GCYM 1609231439 12012721 4837.133   1030.0    28.0
      C098 GCYM 1609231524 13008821 4820.554   1030.0    25.0
      C098 GCYM 1609231624 13008721 4815.922   1030.0    23.0
      C098 GCYM 1609231709 13008622 4848.858   1025.0    24.0
      C098 GCYM 1609231735 13008721 4815.921   1030.0    22.0
55555
      C098 GCYM 1609240901 13008721 4815.886   1030.0    25.0
      C098 GCYM 1609240954 13008821 4820.536   1030.0    23.0
      C098 GCYM 1609241033 12012721 4837.149   1030.0    24.0
      C098 GCYM 1609241126 12012820 4847.274   1028.0    26.0
      C098 GCYM 1609241233 12013025 4827.340   1030.0    28.0
      C098 GCYM 1609241333 12000525 4828.583   1030.0    26.0
      C098 GCYM 1609241356 12017625 4851.563   1028.0    25.0
      C098 GCYM 1609241417 13060420 4877.746   1025.0    22.0
      C098 GCYM 1609241444 11017520 4905.657   1025.0    26.0
      C098 GCYM 1609241541 11001020 4907.524   1025.0    27.0
      C098 GCYM 1609241651 11000220 4891.822   1021.0    26.0
99999
