       ai   CAR
      G570 GCYM 1604191216 11019721 3601.585   1036.0    16.0
      G570 GCYM 1604191250 11019620 3619.108   1037.0    18.0
      G570 GCYM 1604191408 11002802 3563.732   1019.0    18.0
      G570 GCYM 1604191439 10119201 3490.195    980.0    18.0
      G570 GCYM 1604191503 10119200 3484.188    978.0    18.0
      G570 GCYM 1604191522 10119201 3490.222    982.0    18.0
      G570 GCYM 1604191553 11003021 3501.500    998.0    17.0
      G570 GCYM 1604191630 13064120 3483.150    995.0    16.0
      G570 GCYM 1604191708 13064220 3491.662    990.0    16.0
      G570 GCYM 1604191742 13064320 3491.938    978.0    16.0
      G570 GCYM 1604191810 13064021 3477.565    980.0    16.0
55555
      G570 GCYM 1604200813 13064021 3477.480    988.0    15.0
      G570 GCYM 1604200842 13064320 3491.840    986.0    15.0
      G570 GCYM 1604200915 13064220 3491.540    990.0    16.0
      G570 GCYM 1604200957 13064120 3483.032    985.0    17.0
      G570 GCYM 1604201049 11003021 3501.364    988.0    17.0
      G570 GCYM 1604201117 10119201 3490.095    992.0    19.0
      G570 GCYM 1604201153 11002802 3563.640   1013.0    19.0
      G570 GCYM 1604201217 11019620 3619.074   1029.0    20.0
      G570 GCYM 1604201316 10100100 3615.101   1025.0    18.0
      G570 GCYM 1604201340 11019620 3619.086   1030.0    20.0
      G570 GCYM 1604201413 11019721 3601.621   1029.0    20.0
55555
      G570 GCYM 1604210916 11000220 3623.637   1030.0    20.0
      G570 GCYM 1604211015 11019721 3601.602   1024.0    20.0
      G570 GCYM 1604211046 11090100 3576.807   1006.0    20.0
      G570 GCYM 1604211102 11090101 3561.230    996.0    20.0
      G570 GCYM 1604211122 11020220 3496.629    959.0    20.0
      G570 GCYM 1604211136 11090102 3473.266    946.0    20.0
      G570 GCYM 1604211208 13062320 3455.404    942.0    22.0
      G570 GCYM 1604211248 13062420 3482.907    968.0    24.0
      G570 GCYM 1604211405 13062520 3480.840    960.0    24.0
      G570 GCYM 1604211428 13062620 3467.975    965.0    24.0
      G570 GCYM 1604211448 13062721 3438.803    947.0    24.0
      G570 GCYM 1604211510 13062822 3354.220    915.0    24.0
      G570 GCYM 1604211550 13062920 3409.737    941.0    24.0
      G570 GCYM 1604211612 13064021 3477.550    971.0    24.0
55555
      G570 GCYM 1604220808 13064021 3477.560    982.0    18.0
      G570 GCYM 1604220847 13062920 3409.740    950.0    18.0
      G570 GCYM 1604220911 13062822 3354.215    922.0    20.0
      G570 GCYM 1604220941 13062721 3438.798    959.0    20.0
      G570 GCYM 1604221018 13062620 3467.969    978.0    20.0
      G570 GCYM 1604221048 13062520 3480.808    980.0    20.0
      G570 GCYM 1604221123 13062420 3482.919    994.0    22.0
      G570 GCYM 1604221244 13062320 3455.410    950.0    23.0
      G570 GCYM 1604221324 11090102 3473.268    953.0    23.0
      G570 GCYM 1604221333 11020220 3496.630    965.0    24.0
      G570 GCYM 1604221350 11090101 3561.226   1000.0    24.0
      G570 GCYM 1604221403 11090100 3576.828   1006.0    24.0
      G570 GCYM 1604221431 11019721 3601.628   1021.0    25.0
      G570 GCYM 1604221514 11000220 3623.660   1026.0    25.0
55555
      G570 GCYM 1604250841 11000220 3623.766   1031.0    20.0
      G570 GCYM 1604250925 11004021 3622.137   1027.0    23.0
      G570 GCYM 1604250958 11010420 3601.037   1025.0    24.0
      G570 GCYM 1604251025 11010320 3608.689   1025.0    25.0
      G570 GCYM 1604251052 11010922 3599.569   1030.0    25.0
      G570 GCYM 1604251125 10100200 3596.335   1025.0    21.0
      G570 GCYM 1604251153 11010922 3599.529   1030.0    27.0
      G570 GCYM 1604251313 13008320 3586.010   1029.0    29.0
      G570 GCYM 1604251352 13008220 3588.013   1030.0    29.0
      G570 GCYM 1604251419 13008320 3586.000   1029.0    29.0
      G570 GCYM 1604251457 11010922 3599.490   1029.0    29.0
      G570 GCYM 1604251521 11010320 3608.590   1029.0    29.0
      G570 GCYM 1604251547 11010420 3600.952   1020.0    29.0
      G570 GCYM 1604251637 11004021 3622.053   1024.0    28.0
      G570 GCYM 1604251705 11000220 3623.671   1027.0    28.0
55555
      G570 GCYM 1604260841 11000220 3623.780   1037.0    18.0
      G570 GCYM 1604260938 11019620 3619.237   1031.0    20.0
      G570 GCYM 1604261005 11002521 3635.186   1035.0    22.0
      G570 GCYM 1604261025 11019120 3629.940   1035.0    22.0
      G570 GCYM 1604261106 11002400 3623.601   1035.0    23.0
      G570 GCYM 1604261151 11002322 3633.851   1034.0    23.0
      G570 GCYM 1604261300 11018920 3580.797   1011.0    23.0
      G570 GCYM 1604261327 11018621 3583.937   1002.0    23.0
      G570 GCYM 1604261414 11003420 3519.586    965.0    23.0
      G570 GCYM 1604261503 11003320 3500.472    954.0    24.0
      G570 GCYM 1604261534 11003221 3522.897    976.0    24.0
      G570 GCYM 1604261601 11003021 3501.427    980.0    24.0
55555
      G570 GCYM 1604270816 11003021 3501.568    984.0    15.0
      G570 GCYM 1604270858 11003221 3523.036    980.0    16.0
      G570 GCYM 1604270936 11003320 3500.617    954.0    16.0
      G570 GCYM 1604271021 11003420 3519.697    966.0    16.0
      G570 GCYM 1604271055 11018621 3584.030   1005.0    17.0
      G570 GCYM 1604271118 11018920 3580.874   1012.0    17.0
      G570 GCYM 1604271223 11002322 3633.857   1032.0    17.0
      G570 GCYM 1604271302 11002400 3623.569   1034.0    20.0
      G570 GCYM 1604271335 11019120 3629.868   1032.0    20.0
      G570 GCYM 1604271358 11002521 3635.092   1032.0    20.0
      G570 GCYM 1604271431 11019620 3619.118   1029.0    21.0
      G570 GCYM 1604271530 11000220 3623.615   1030.0    21.0
99999
