       ai   CAR
      C098 GCYM 1603041119 14080220 4480.360    926.0    10.0
      C098 GCYM 1603041241 14080123 4494.869    938.0    10.0
      C098 GCYM 1603041330 14080220 4480.416    928.0    10.0
55555
      C098 GCYM 1603100825 13064920 4521.129    955.0    -3.0
      C098 GCYM 1603100933 13064822 4528.763    960.0    -2.0
      C098 GCYM 1603101013 98052300 4543.930    962.0    -2.0
      C098 GCYM 1603101047 13064822 4528.720    956.0    -1.0
      C098 GCYM 1603101126 13064720 4528.076    930.0     0.0
      C098 GCYM 1603101209 13064422 4647.780    980.0     0.0
      C098 GCYM 1603101243 13064320 4655.572    991.0     0.0
      C098 GCYM 1603101409 13064422 4647.803    978.0     0.0
      C098 GCYM 1603101453 13064720 4528.102    924.0     0.0
      C098 GCYM 1603101528 13064822 4528.752    954.0     1.0
      C098 GCYM 1603101626 13064920 4521.157    948.0     1.0
55555
      C098 GCYM 1603110822 13064920 4521.491    943.0     0.0
      C098 GCYM 1603110855 14080123 4497.790    950.0     1.0
55555
      C098 GCYM 1603111116 14080123 4497.708    944.0     3.0
      C098 GCYM 1603111146 13064920 4521.391    946.0     3.0
      C098 GCYM 1603111251 10114700 4523.822    936.0    18.0
      C098 GCYM 1603111341 98051500 4493.247    904.0     4.0
      C098 GCYM 1603111406 98050800 4517.266    932.0     4.0
      C098 GCYM 1603111431 98051500 4493.272    910.0     4.0
      C098 GCYM 1603111503 10114700 4523.860    935.0    18.0
      C098 GCYM 1603111525 13064920 4521.414    940.0     4.0
55555
      C098 GCYM 1603121122 98052400 4506.968    934.0     5.0
      C098 GCYM 1603121147 98052300 4544.718    940.0     6.0
      C098 GCYM 1603121213 98052400 4506.941    938.0     6.0
55555
      C098 GCYM 1603140858 13064620 4640.880    971.0     3.0
      C098 GCYM 1603140926 13072402 4617.780    962.0    15.0
      C098 GCYM 1603141016 13064620 4640.876    971.0     5.0
      C098 GCYM 1603141110 13064422 4649.164    971.0     5.0
      C098 GCYM 1603141200 13064524 4659.663    981.0     7.0
      C098 GCYM 1603141250 13064422 4649.146    974.0     7.0
      C098 GCYM 1603141336 13064620 4640.830    960.0     7.0
55555
      C098 GCYM 1603211125 13064524 4659.363    976.0    12.0
      C098 GCYM 1603211301 13072100 4600.406    946.0    12.0
      C098 GCYM 1603211409 13072200 4611.000    939.0    18.0
      C098 GCYM 1603211524 13072301 4588.624    928.0    19.0
      C098 GCYM 1603211610 13090000 4573.409    924.0    18.0
      C098 GCYM 1603211719 13090101 4683.623    967.0    20.0
55555
      C098 GCYM 1603220821 13090101 4683.712    976.0     8.0
      C098 GCYM 1603220911 13090000 4573.496    933.0     6.0
      C098 GCYM 1603220953 13072301 4588.727    937.0     9.0
      C098 GCYM 1603221102 13072200 4611.140    950.0     9.0
      C098 GCYM 1603221202 13072100 4600.611    950.0    10.0
      C098 GCYM 1603221258 13064524 4659.603    981.0    10.0
55555
      C098 GCYM 1603221421 13072402 4617.761    955.0    17.0
      C098 GCYM 1603221439 10107200 4613.852    950.0    17.0
      C098 GCYM 1603221455 13072402 4617.792    955.0    17.0
      C098 GCYM 1603221540 13072600 4564.133    926.0     8.0
      C098 GCYM 1603221630 13072701 4520.290    892.0     7.0
55555
      C098 GCYM 1603230810 13072701 4520.567    903.0    -5.0
      C098 GCYM 1603230849 13072800 4490.454    890.0    -4.0
      C098 GCYM 1603230916 13072801 4499.579    896.0    -4.0
      C098 GCYM 1603230933 13072800 4490.449    890.0    -4.0
      C098 GCYM 1603231015 13090400 4483.060    896.0    -2.0
      C098 GCYM 1603231058 15024600 4532.870    918.0    -2.0
      C098 GCYM 1603231134 98000100 4509.749    910.0     2.0
      C098 GCYM 1603231358 98000201 4561.293    949.0     3.0
      C098 GCYM 1603231400 98000201 4561.293    949.0     3.0
      C098 GCYM 1603231432 98000200 4548.987    936.0     3.0
      C098 GCYM 1603231458 98000201 4561.325    947.0     3.0
      C098 GCYM 1603231557 98050800 4518.793    940.0     3.0
      C098 GCYM 1603231657 98000201 4561.418    947.0     3.0
      C098 GCYM 1603231744 98000100 4509.966    910.0     3.0
55555
      C098 GCYM 1603240811 98000100 4510.186    914.0    -4.0
      C098 GCYM 1603240850 15024600 4533.318    922.0    -4.0
      C098 GCYM 1603240928 13090400 4483.490    892.0    -4.0
      C098 GCYM 1603240957 13072801 4499.985    895.0    -2.0
      C098 GCYM 1603241027 13072701 4520.957    900.0    -2.0
      C098 GCYM 1603241110 13072600 4564.819    934.0     3.0
      C098 GCYM 1603241150 13072402 4618.500    965.0    17.0
55555
      C098 GCYM 1603250833 98052400 4508.542    951.0    -2.0
      C098 GCYM 1603250858 98052200 4525.252    959.0    -1.0
      C098 GCYM 1603250957 98052100 4483.801    926.0     3.0
      C098 GCYM 1603251043 13062822 4518.048    935.0     3.0
      C098 GCYM 1603251133 98001200 4593.218    991.0    10.0
      C098 GCYM 1603251400 98000600 4633.566    991.0    10.0
      C098 GCYM 1603251457 13060320 4586.585    984.0    12.0
      C098 GCYM 1603251623 13060220 4660.367   1031.0    15.0
      C098 GCYM 1603251721 13008022 4726.745   1025.0    13.0
55555
      C098 GCYM 1603260819 13008022 4726.697   1047.0     3.0
      C098 GCYM 1603260918 13060220 4660.328   1033.0     6.0
      C098 GCYM 1603261014 13060320 4586.551    994.0    10.0
      C098 GCYM 1603261105 98000600 4633.526   1005.0    14.0
      C098 GCYM 1603261207 98001200 4593.121    988.0    13.0
      C098 GCYM 1603261346 13062822 4517.931    930.0    11.0
      C098 GCYM 1603261421 98052100 4483.650    930.0    14.0
55555
      C098 GCYM 1603261533 98052100 4483.709    913.0    14.0
      C098 GCYM 1603261630 98052200 4525.173    950.0    14.0
      C098 GCYM 1603261700 98052400 4508.486    950.0    13.0
55555
      C098 GCYM 1603270826 98052400 4508.742    950.0     8.0
      C098 GCYM 1603270850 98052500 4473.315    922.0     8.0
      C098 GCYM 1603270951 98000700 4476.437    940.0     8.0
      C098 GCYM 1603271025 14023401 4509.316    955.0    10.0
      C098 GCYM 1603271121 14034101 4510.663    962.0    13.0
      C098 GCYM 1603271138 14034100 4507.479    958.0    13.0
      C098 GCYM 1603271151 14034101 4510.651    962.0    13.0
      C098 GCYM 1603271239 14033900 4425.236    920.0    13.0
      C098 GCYM 1603271408 14034101 4510.607    962.0    13.0
      C098 GCYM 1603271455 14023401 4509.252    949.0    13.0
55555
      C098 GCYM 1603280813 14023401 4509.593    948.0     8.0
      C098 GCYM 1603280841 13072003 4523.518    955.0     8.0
      C098 GCYM 1603280909 13072001 4521.284    965.0     8.0
      C098 GCYM 1603280925 13072003 4523.504    958.0    12.0
      C098 GCYM 1603281006 13060320 4587.079    970.0    12.0
      C098 GCYM 1603281046 13072003 4523.481    958.0    12.0
      C098 GCYM 1603281117 14023401 4509.553    940.0    12.0
      C098 GCYM 1603281221 98000700 4476.637    918.0    12.0
      C098 GCYM 1603281316 98052500 4473.479    902.0    12.0
      C098 GCYM 1603281336 98052400 4508.900    929.0    12.0
55555
      C098 GCYM 1604050844 11000220 4791.750   1035.0    18.0
      C098 GCYM 1604051000 11001020 4807.369   1035.0    20.0
      C098 GCYM 1604051050 11002400 4791.606   1034.0    22.0
      C098 GCYM 1604051150 11001020 4807.351   1032.0    22.0
      C098 GCYM 1604051226 11017520 4805.526   1032.0    22.0
      C098 GCYM 1604051303 13060420 4777.665   1032.0    22.0
      C098 GCYM 1604051406 12017625 4751.549   1033.0    23.0
      C098 GCYM 1604051432 12000525 4728.623   1032.0    23.0
      C098 GCYM 1604051455 12021420 4738.056   1034.0    23.0
      C098 GCYM 1604051524 13060526 4749.696   1032.0    23.0
      C098 GCYM 1604051607 13060620 4755.215   1030.0    23.0
      C098 GCYM 1604051633 13060720 4748.090   1027.0    23.0
      C098 GCYM 1604051708 13008520 4750.054   1026.0    23.0
55555
      C098 GCYM 1604060825 13008520 4749.900   1035.0    17.0
      C098 GCYM 1604060908 13060720 4747.900   1032.0    19.0
      C098 GCYM 1604060933 13060620 4754.987   1035.0    20.0
      C098 GCYM 1604061033 13060526 4749.438   1033.0    20.0
      C098 GCYM 1604061122 12021420 4737.813   1032.0    21.0
      C098 GCYM 1604061142 12000525 4728.376   1032.0    21.0
      C098 GCYM 1604061217 12013025 4727.142   1030.0    21.0
      C098 GCYM 1604061326 12012820 4747.113   1030.0    21.0
      C098 GCYM 1604061410 12012721 4737.043   1030.0    21.0
      C098 GCYM 1604061518 13008821 4720.538   1030.0    21.0
      C098 GCYM 1604061621 13008721 4715.926   1025.0    21.0
      C098 GCYM 1604061651 13008622 4748.847   1025.0    21.0
      C098 GCYM 1604061723 13008721 4715.944   1026.0    21.0
55555
      C098 GCYM 1604070824 13008721 4715.815   1035.0    20.0
      C098 GCYM 1604070943 13008821 4720.359   1035.0    22.0
      C098 GCYM 1604071031 12012721 4736.872   1035.0    23.0
      C098 GCYM 1604071124 12012820 4746.945   1030.0    25.0
      C098 GCYM 1604071300 12013025 4726.984   1035.0    26.0
      C098 GCYM 1604071339 12000525 4728.248   1032.0    26.0
      C098 GCYM 1604071402 12017625 4751.201   1033.0    26.0
      C098 GCYM 1604071433 13060420 4777.375   1035.0    26.0
      C098 GCYM 1604071500 11017520 4805.270   1033.0    26.0
      C098 GCYM 1604071601 11001020 4807.160   1030.0    26.0
      C098 GCYM 1604071717 11000220 4791.554   1027.0    26.0
55555
      C098 GCYM 1604080838 11000220 4791.438   1036.0    21.0
      C098 GCYM 1604080925 11010124 4794.314   1036.0    21.0
      C098 GCYM 1604081009 11010223 4798.275   1037.0    24.0
      C098 GCYM 1604081052 11010520 4769.208   1037.0    24.0
      C098 GCYM 1604081121 13008520 4749.502   1036.0    24.0
      C098 GCYM 1604081226 11010520 4769.145   1033.0    24.0
      C098 GCYM 1604081303 11010223 4798.154   1033.0    24.0
      C098 GCYM 1604081339 11010124 4794.147   1033.0    24.0
      C098 GCYM 1604081431 11000220 4791.216   1030.0    25.0
55555
      C098 GCYM 1604120843 11000220 4790.929   1036.0     8.0
      C098 GCYM 1604120933 11003902 4785.860   1027.0    10.0
      C098 GCYM 1604120942 11013902 4785.910   1027.0    10.0
      C098 GCYM 1604120947 11003902 4785.853   1027.0    10.0
      C098 GCYM 1604121102 11004120 4795.290   1032.0    14.0
      C098 GCYM 1604121124 11014121 4767.193   1017.0    13.0
      C098 GCYM 1604121142 11004120 4795.278   1032.0    14.0
      C098 GCYM 1604121234 11003820 4793.134   1028.0    15.0
      C098 GCYM 1604121310 11019721 4768.398   1027.0    16.0
      C098 GCYM 1604121341 11003820 4793.087   1025.0    16.0
      C098 GCYM 1604121401 11004120 4795.203   1020.0    16.0
      C098 GCYM 1604121503 11003902 4785.687   1022.0    16.0
      C098 GCYM 1604121544 11000220 4790.707   1026.0    16.0
55555
      C098 GCYM 1604131151 13008320 4752.508   1024.0    26.0
      C098 GCYM 1604131239 13008420 4753.549   1020.0    26.0
      C098 GCYM 1604131307 13008520 4748.967   1024.0    26.0
      C098 GCYM 1604131423 13008622 4747.807   1022.0    26.0
      C098 GCYM 1604131508 13008520 4748.882   1021.0    26.0
      C098 GCYM 1604131531 13008420 4753.437   1021.0    26.0
      C098 GCYM 1604131617 13008320 4752.351   1020.0    26.0
55555
      C098 GCYM 1604140821 13008220 4754.482   1035.0    20.0
      C098 GCYM 1604140902 13013632 4727.145   1041.0    20.0
      C098 GCYM 1604140933 13015015 4726.545   1040.0    22.0
      C098 GCYM 1604141014 13013520 4736.241   1042.0    22.0
      C098 GCYM 1604141052 13008721 4714.879   1041.0    23.0
      C098 GCYM 1604141147 13013520 4736.212   1041.0    25.0
      C098 GCYM 1604141244 13015015 4726.463   1041.0    25.0
      C098 GCYM 1604141346 13013632 4727.030   1039.0    25.0
      C098 GCYM 1604141424 13008220 4754.340   1036.0    25.0
      C098 GCYM 1604141457 13008123 4752.782   1036.0    25.0
      C098 GCYM 1604141538 13008022 4725.227   1036.0    25.0
      C098 GCYM 1604141625 13008123 4752.743   1036.0    25.0
      C098 GCYM 1604141657 13008220 4754.269   1038.0    25.0
99999