       G147
      3000.00    3000.000   1.00000 
      3100.00    3100.000   1.00000 
      3200.00    3200.000   1.00000 
      3300.00    3300.000   1.00000 
      3400.00    3400.000   1.00000 
      3500.00    3500.000   1.00000 
      3600.00    3600.000   1.00000 
      3700.00    3700.000   1.00000 
      3800.00    3800.000   1.00000 
      3900.00    3900.000   1.00000 
      4000.00    4000.000   1.00000 
      4100.00    4100.000   1.00000 
      4200.00    4200.000   1.00000 
      4300.00    4300.000   1.00000 
      4400.00    4400.000   1.00000 
      4500.00    4500.000   1.00000 
      4600.00    4600.000   1.00000 
      4700.00    4700.000   1.00000 
      4800.00    4800.000   1.00000 
      4900.00    4900.000   1.00000 
      5000.00    5000.000   1.00000
      5100.00    5100.000   1.00000 
      5200.00    5200.000   1.00000      
      5300.00    5300.000   1.00000      
88888 
       G570
      3000.00    3000.000   1.00000 
      3100.00    3100.000   1.00000 
      3200.00    3200.000   1.00000 
      3300.00    3300.000   1.00000 
      3400.00    3400.000   1.00000 
      3500.00    3500.000   1.00000 
      3600.00    3600.000   1.00000 
      3700.00    3700.000   1.00000 
      3800.00    3800.000   1.00000 
      3900.00    3900.000   1.00000 
      4000.00    4000.000   1.00000 
      4100.00    4100.000   1.00000 
      4200.00    4200.000   1.00000 
      4300.00    4300.000   1.00000 
      4400.00    4400.000   1.00000 
      4500.00    4500.000   1.00000 
      4600.00    4600.000   1.00000 
      4700.00    4700.000   1.00000 
      4800.00    4800.000   1.00000 
      4900.00    4900.000   1.00000 
      5000.00    5000.000   1.00000
      5100.00    5100.000   1.00000 
      5200.00    5200.000   1.00000      
      5300.00    5300.000   1.00000      
88888
99999
       G570
      1800.00    1823.050   1.01349 
      1900.00    1924.400   1.01362 
      2000.00    2025.760   1.01375 
      2100.00    2127.130   1.01387 
      2200.00    2228.520   1.01402 
      2300.00    2329.920   1.01418 
      2400.00    2431.340   1.01435 
      2500.00    2532.770   1.01452 
      2600.00    2634.230   1.01470 
      2700.00    2735.700   1.01489 
      2800.00    2837.190   1.01508 
      2900.00    2938.690   1.01526 
      3000.00    3040.220   1.01543 
      3100.00    3141.760   1.01561 
      3200.00    3243.320   1.01576 
      3300.00    3344.900   1.01595 
      3400.00    3446.490   1.01614 
      3500.00    3548.110   1.01634 
      3600.00    3649.740   1.01653 
      3700.00    3751.400   1.01673 
      3800.00    3853.070   1.01693 
      3900.00    3954.760   1.01712 
      4000.00    4056.470   1.01731 
      4100.00    4158.200   1.01749 
88888
99999
       G596
      1800.00    1849.560   1.02794
      1900.00    1952.350   1.02798 
      2000.00    2055.150   1.02801
      2100.00    2157.950   1.02805 
      2200.00    2260.760   1.02810  
      2300.00    2363.570   1.02815
      2400.00    2466.380   1.02820 
      2500.00    2569.200   1.02825 
      2600.00    2672.030   1.02829 
      2700.00    2774.860   1.02833 
      2800.00    2877.690   1.02839 
      2900.00    2980.530   1.02844 
      3000.00    3083.370   1.02849     
      3100.00    3186.220   1.02855 
      3200.00    3289.080   1.02862 
      3300.00    3391.940   1.02867 
      3400.00    3494.810   1.02873 
      3500.00    3597.680   1.02880 
      3600.00    3700.560   1.02885 
      3700.00    3803.440   1.02890  
      3800.00    3906.330   1.02895 
      3900.00    4009.230   1.02899 
      4000.00    4112.130   1.02903
      4100.00    4215.030   1.02906 
88888
99999




       G596
      1800.00    1849.560   1.02794
      1900.00    1952.350   1.02798 
      2000.00    2055.150   1.02801
      2100.00    2157.950   1.02805 
      2200.00    2260.760   1.02810  
      2300.00    2363.570   1.02815
      2400.00    2466.380   1.02820 
      2500.00    2569.200   1.02825 
      2600.00    2672.030   1.02829 
      2700.00    2774.860   1.02833 
      2800.00    2877.690   1.02839 
      2900.00    2980.530   1.02844 
      3000.00    3000.000   1.00000
      3100.00    3100.000   1.00000 
      3200.00    3200.000   1.00000 
      3300.00    3300.000   1.00000 
      3400.00    3400.000   1.00000 
      3500.00    3500.000   1.00000 
      3600.00    3600.000   1.00000 
      3700.00    3700.000   1.00000 
      3800.00    3800.000   1.00000 
      3900.00    3900.000   1.00000 
      4000.00    4000.000   1.00000 
      4100.00    4100.000   1.00000 
88888
99999

       G147
      1800.00    1879.250   1.04435 
      1900.00    1983.680   1.04450 
      2000.00    2088.130   1.04460 
      2100.00    2192.590   1.04475 
      2200.00    2297.070   1.04495 
      2300.00    2401.560   1.04510 
      2400.00    2506.070   1.04525 
      2500.00    2610.590   1.04540 
      2600.00    2715.130   1.04555 
      2700.00    2819.690   1.04565 
      2800.00    2924.250   1.04575 
      2900.00    3028.830   1.04590 
      3000.00    3000.000   1.00000
      3100.00    3100.000   1.00000 
      3200.00    3200.000   1.00000 
      3300.00    3300.000   1.00000 
      3400.00    3400.000   1.00000 
      3500.00    3500.000   1.00000 
      3600.00    3600.000   1.00000 
      3700.00    3700.000   1.00000 
      3800.00    3800.000   1.00000 
      3900.00    3900.000   1.00000 
      4000.00    4000.000   1.00000 
      4100.00    4100.000   1.00000 




99999
       G570
      1800.00    1823.050   1.01349 
      1900.00    1924.400   1.01362 
      2000.00    2025.760   1.01375 
      2100.00    2127.130   1.01387 
      2200.00    2228.520   1.01402 
      2300.00    2329.920   1.01418 
      2400.00    2431.340   1.01435 
      2500.00    2532.770   1.01452 
      2600.00    2634.230   1.01470 
      2700.00    2735.700   1.01489 
      2800.00    2837.190   1.01508 
      2900.00    2938.690   1.01526 
      3000.00    3000.000   1.00000
      3100.00    3100.000   1.00000 
      3200.00    3200.000   1.00000 
      3300.00    3300.000   1.00000 
      3400.00    3400.000   1.00000 
      3500.00    3500.000   1.00000 
      3600.00    3600.000   1.00000 
      3700.00    3700.000   1.00000 
      3800.00    3800.000   1.00000 
      3900.00    3900.000   1.00000 
      4000.00    4000.000   1.00000 
      4100.00    4100.000   1.00000 
88888
88888

      G149
      1600.00    1635.411   1.02213
      1700.00    1737.624   1.02218
      1800.00    1839.842   1.02225
      1900.00    1942.067   1.02232
      2000.00    2044.299   1.02240
      2100.00    2146.539   1.02249
      2200.00    2248.788   1.02258
      2300.00    2351.046   1.02268
      2400.00    2453.314   1.02278
      2500.00    2555.592   1.02288
      2600.00    2657.880   1.02299
      2700.00    2760.179   1.02310
      2800.00    2862.489   1.02321
      2900.00    2964.810   1.02332
      3000.00    3067.142   1.02344
      3100.00    3169.486   1.02356
      3200.00    3271.842   1.02368
      3300.00    3374.210   1.02379
      3400.00    3476.589   1.02391
      3500.00    3578.980   1.02403
      3600.00    3681.383   1.02414
      3700.00    3783.797   1.02425
      3800.00    3886.222   1.02436
      3900.00    3988.658   1.02447
      4000.00    4091.105   1.02457
88888
       G853
      1700.00    1715.595   1.00890
      1800.00    1816.485   1.00893
      1900.00    1917.378   1.00895
      2000.00    2018.273   1.00899
      2100.00    2119.172   1.00903
      2200.00    2220.075   1.00906
      2300.00    2320.981   1.00911
      2400.00    2421.892   1.00915
      2500.00    2522.807   1.00920
      2600.00    2623.727   1.00926
      2700.00    2724.653   1.00932
      2800.00    2825.585   1.00937
      2900.00    2926.522   1.00943
      3000.00    3027.465   1.00947
      3100.00    3128.412   1.00952
      3200.00    3229.364   1.00955
      3300.00    3330.319   1.00959
      3400.00    3431.278   1.00963
      3500.00    3532.241   1.00966
      3600.00    3633.207   1.00969
      3700.00    3734.176   1.00972
      3800.00    3835.148   1.00974
      3900.00    3936.122   1.00976
      4000.00    4037.098   1.00978
88888
99999
       G570
      1800.00    1823.050   1.01349 
      1900.00    1924.400   1.01362 
      2000.00    2025.760   1.01375 
      2100.00    2127.130   1.01387 
      2200.00    2228.520   1.01402 
      2300.00    2329.920   1.01418 
      2400.00    2431.340   1.01435 
      2500.00    2532.770   1.01452 
      2600.00    2634.230   1.01470 
      2700.00    2735.700   1.01489 
      2800.00    2837.190   1.01508 
      2900.00    2938.690   1.01526 
      3000.00    3040.220   1.01543 
      3100.00    3141.760   1.01561 
      3200.00    3243.320   1.01576 
      3300.00    3344.900   1.01595 
      3400.00    3446.490   1.01614 
      3500.00    3548.110   1.01634 
      3600.00    3649.740   1.01653 
      3700.00    3751.400   1.01673 
      3800.00    3853.070   1.01693 
      3900.00    3954.760   1.01712 
      4000.00    4056.470   1.01731 
      4100.00    4158.200   1.01749 
88888


       G149
      1600.00    1635.411   1.02213
      1700.00    1737.624   1.02218
      1800.00    1839.842   1.02225
      1900.00    1942.067   1.02232
      2000.00    2044.299   1.02240
      2100.00    2146.539   1.02249
      2200.00    2248.788   1.02258
      2300.00    2351.046   1.02268
      2400.00    2453.314   1.02278
      2500.00    2555.592   1.02288
      2600.00    2657.880   1.02299
      2700.00    2760.179   1.02310
      2800.00    2862.489   1.02321
      2900.00    2964.810   1.02332
      3000.00    3067.142   1.02344
      3100.00    3169.486   1.02356
      3200.00    3271.842   1.02368
      3300.00    3374.210   1.02379
      3400.00    3476.589   1.02391
      3500.00    3578.980   1.02403
      3600.00    3681.383   1.02414
      3700.00    3783.797   1.02425
      3800.00    3886.222   1.02436
      3900.00    3988.658   1.02447
      4000.00    4091.105   1.02457
88888
       G150
      1600.00    1652.261   1.03322
      1700.00    1755.583   1.03333
      1800.00    1858.916   1.03343
      1900.00    1962.259   1.03355
      2000.00    2065.614   1.03366
      2100.00    2168.980   1.03378
      2200.00    2272.358   1.03390
      2300.00    2375.748   1.03403
      2400.00    2479.151   1.03416
      2500.00    2582.567   1.03429
      2600.00    2685.996   1.03442
      2700.00    2789.438   1.03455
      2800.00    2892.893   1.03468
      2900.00    2996.361   1.03482
      3000.00    3099.843   1.03495
      3100.00    3203.338   1.03508
      3200.00    3306.846   1.03521
      3300.00    3410.367   1.03534
      3400.00    3513.901   1.03547
      3500.00    3617.448   1.03560
      3600.00    3721.008   1.03572
      3700.00    3824.580   1.03584
      3800.00    3928.164   1.03596
      3900.00    4031.760   1.03608
      4000.00    4135.368   1.03619
88888
99999
       G853
      1700.00    1715.595   1.00890
      1800.00    1816.485   1.00893
      1900.00    1917.378   1.00895
      2000.00    2018.273   1.00899
      2100.00    2119.172   1.00903
      2200.00    2220.075   1.00906
      2300.00    2320.981   1.00911
      2400.00    2421.892   1.00915
      2500.00    2522.807   1.00920
      2600.00    2623.727   1.00926
      2700.00    2724.653   1.00932
      2800.00    2825.585   1.00937
      2900.00    2926.522   1.00943
      3000.00    3027.465   1.00947
      3100.00    3128.412   1.00952
      3200.00    3229.364   1.00955
      3300.00    3330.319   1.00959
      3400.00    3431.278   1.00963
      3500.00    3532.241   1.00966
      3600.00    3633.207   1.00969
      3700.00    3734.176   1.00972
      3800.00    3835.148   1.00974
      3900.00    3936.122   1.00976
      4000.00    4037.098   1.00978
88888
99999
       G829
      1700.00    1729.509   1.01666
      1800.00    1831.175   1.01662
      1900.00    1932.837   1.01658
      2000.00    2034.495   1.01653
      2100.00    2136.148   1.01648
      2200.00    2237.796   1.01643
      2300.00    2339.439   1.01639
      2400.00    2441.078   1.01636
      2500.00    2542.714   1.01633
      2600.00    2644.347   1.01630
      2700.00    2745.977   1.01628
      2800.00    2847.605   1.01626
      2900.00    2949.231   1.01624
      3000.00    3050.855   1.01622
      3100.00    3152.477   1.01622
      3200.00    3254.099   1.01620
      3300.00    3355.719   1.01619
      3400.00    3457.338   1.01617
      3500.00    3558.955   1.01615
      3600.00    3660.570   1.01613
      3700.00    3762.183   1.01609
      3800.00    3863.792   1.01605
      3900.00    3965.397   1.01599
      4000.00    4066.996   1.01593
      4100.00    4168.589   1.01587
88888
       G843
      1700.00    1726.645   1.01593
      1800.00    1828.238   1.01600
      1900.00    1929.838   1.01607
      2000.00    2031.445   1.01616
      2100.00    2133.061   1.01625
      2200.00    2234.686   1.01635
      2300.00    2336.321   1.01644
      2400.00    2437.965   1.01652
      2500.00    2539.617   1.01662
      2600.00    2641.279   1.01670
      2700.00    2742.949   1.01679
      2800.00    2844.628   1.01688
      2900.00    2946.316   1.01699
      3000.00    3048.015   1.01710
      3100.00    3149.725   1.01720
      3200.00    3251.445   1.01730
      3300.00    3353.175   1.01740
      3400.00    3454.915   1.01750
      3500.00    3556.665   1.01759
      3600.00    3658.424   1.01766
      3700.00    3760.190   1.01771
      3800.00    3861.961   1.01776
      3900.00    3963.737   1.01779
      4000.00    4065.516   1.01780
      4100.00    4167.296   1.01781
88888
99999
       G793
      1700.00    1710.713   1.00679
      1800.00    1811.392   1.00683
      1900.00    1912.075   1.00687
      2000.00    2012.762   1.00688
      2100.00    2113.450   1.00691
      2200.00    2214.141   1.00694
      2300.00    2314.835   1.00698
      2400.00    2415.533   1.00703
      2500.00    2516.236   1.00708
      2600.00    2616.944   1.00713
      2700.00    2717.657   1.00718
      2800.00    2818.375   1.00721
      2900.00    2919.096   1.00722
      3000.00    3019.818   1.00725
      3100.00    3120.543   1.00728
      3200.00    3221.271   1.00731
      3300.00    3322.002   1.00732
      3400.00    3422.734   1.00735
      3500.00    3523.469   1.00737
      3600.00    3624.206   1.00737
      3700.00    3724.943   1.00736
      3800.00    3825.679   1.00735
      3900.00    3926.414   1.00734
      4000.00    4027.148   1.00733
88888
       G818
      1700.00    1735.540   1.02088
      1800.00    1837.628   1.02094 
      1900.00    1939.722   1.02100 
      2000.00    2041.822   1.02107
      2100.00    2143.929   1.02112
      2200.00    2246.041   1.02120
      2300.00    2348.161   1.02127
      2400.00    2450.288   1.02134
      2500.00    2552.422   1.02142
      2600.00    2654.564   1.02151
      2700.00    2756.715   1.02159
      2800.00    2858.874   1.02167
      2900.00    2961.041   1.02172
      3000.00    3063.213   1.02177
      3100.00    3165.390   1.02182
      3200.00    3267.572   1.02185
      3300.00    3369.757   1.02188
      3400.00    3471.945   1.02191
      3500.00    3574.136   1.02195      
      3600.00    3676.332   1.02198
      3700.00    3778.529   1.02202
      3800.00    3880.731   1.02207
      3900.00    3982.938   1.02211
      4000.00    4085.149   1.02216
88888
       G196 
      2100.00    2194.242   1.04625
      2200.00    2298.867   1.04640
      2300.00    2403.507   1.04656
      2400.00    2508.163   1.04670
      2500.00    2612.833   1.04685
      2600.00    2717.518   1.04698
      2700.00    2822.216   1.04709
      2800.00    2926.925   1.04720
      2900.00    3031.645   1.04735
      3000.00    3136.375   1.04738
      3100.00    3241.113   1.04745
      3200.00    3345.858   1.04751
      3300.00    3450.609   1.04758
      3400.00    3555.367   1.04764
      3500.00    3660.131   1.04770      
      3600.00    3764.901   1.04774
      3700.00    3869.675   1.04776
      3800.00    3974.451   1.04780
      3900.00    4079.231   1.04785
      4000.00    4184.016   1.04792
88888
       G305
      2100.00    2223.207   1.05896  
      2200.00    2329.103   1.05902  
      2300.00    2435.005   1.05910
      2400.00    2540.915   1.05918
      2500.00    2646.833   1.05925
      2600.00    2752.758   1.05932
      2700.00    2858.690   1.05938
      2800.00    2964.628   1.05945
      2900.00    3070.573   1.05952
      3000.00    3176.525   1.05960
      3100.00    3282.485   1.05967
      3200.00    3388.452   1.05976
      3300.00    3494.428   1.05984
      3400.00    3600.412   1.05991
      3500.00    3706.403   1.05998      
      3600.00    3812.401   1.06004
      3700.00    3918.405   1.06011
      3800.00    4024.416   1.06017
      3900.00    4130.433   1.06023
      4000.00    4236.456   1.06028
88888                                                         
       G484
      2100.00    2143.562   1.02228
      2200.00    2245.790   1.02243
      2300.00    2348.033   1.02260
      2400.00    2450.293   1.02275
      2500.00    2552.568   1.02290
      2600.00    2654.858   1.02305
      2700.00    2757.163   1.02320
      2800.00    2859.483   1.02335
      2900.00    2961.818   1.02349
      3000.00    3064.167   1.02363
      3100.00    3166.530   1.02377
      3200.00    3268.907   1.02390
      3300.00    3371.297   1.02403
      3400.00    3473.700   1.02416
      3500.00    3576.116   1.02426      
      3600.00    3678.542   1.02437
      3700.00    3780.979   1.02446
      3800.00    3883.425   1.02455
      3900.00    3985.880   1.02463
      4000.00    4088.343   1.02471 
88888        
       G605
      2100.00    2159.270   1.02768
      2200.00    2262.146   1.02882
      2300.00    2365.028   1.02889
      2400.00    2467.917   1.02896
      2500.00    2570.813   1.02904
      2600.00    2673.717   1.02911
      2700.00    2776.628   1.02918
      2800.00    2879.546   1.02924
      2900.00    2982.470   1.02930
      3000.00    3085.400   1.02936
      3100.00    3188.336   1.02941
      3200.00    3291.277   1.02946
      3300.00    3394.223   1.02951
      3400.00    3497.174   1.02955
      3500.00    3600.129   1.02959      
      3600.00    3703.008   1.02963
      3700.00    3806.051   1.02966
      3800.00    3909.017   1.02969
      3900.00    4011.986   1.02971
      4000.00    4114.957   1.02971
88888
       G808
      1500.00    1510.550   1.00673
      1600.00    1611.223   1.00674
      1700.00    1711.897   1.00676
      1800.00    1812.573   1.00678
      1900.00    1913.251   1.00681
      2000.00    2013.932   1.00685
      2100.00    2114.617   1.00687
      2200.00    2215.304   1.00691
      2300.00    2315.995   1.00696
      2400.00    2416.691   1.00699
      2500.00    2517.390   1.00704
      2600.00    2618.094   1.00708
      2700.00    2718.802   1.00712
      2800.00    2819.514   1.00716
      2900.00    2920.230   1.00719
      3000.00    3020.949   1.00722
      3100.00    3121.671   1.00725
      3200.00    3222.396   1.00729
      3300.00    3323.125   1.00731
      3400.00    3423.856   1.00733
      3500.00    3524.589   1.00735      
      3600.00    3625.324   1.00736
      3700.00    3726.060   1.00738
      3800.00    3826.798   1.00738
88888
       G854
      1500.00    1523.380   1.01523
      1600.00    1624.910   1.01523
      1700.00    1726.428   1.01523
      1800.00    1827.951   1.01524
      1900.00    1929.475   1.01525
      2000.00    2031.000   1.01530
      2100.00    2132.530   1.01535
      2200.00    2234.065   1.01540
      2300.00    2335.605   1.01545
      2400.00    2437.150   1.01552
      2500.00    2538.702   1.01559
      2600.00    2640.261   1.01566
      2700.00    2741.827   1.01571
      2800.00    2843.398   1.01576
      2900.00    2944.974   1.01581
      3000.00    3046.555   1.01586
      3100.00    3148.141   1.01590
      3200.00    3249.731   1.01595
      3300.00    3351.326   1.01599
      3400.00    3452.925   1.01602
      3500.00    3554.527   1.01606
      3600.00    3656.133   1.01612
      3700.00    3757.745   1.01618
      3800.00    3859.363   1.01624
      3900.00    3960.987   1.01629
88888
       G853
      1700.00    1715.595   1.00890
      1800.00    1816.485   1.00893
      1900.00    1917.378   1.00895
      2000.00    2018.273   1.00899
      2100.00    2119.172   1.00903
      2200.00    2220.075   1.00906
      2300.00    2320.981   1.00911
      2400.00    2421.892   1.00915
      2500.00    2522.807   1.00920
      2600.00    2623.727   1.00926
      2700.00    2724.653   1.00932
      2800.00    2825.585   1.00937
      2900.00    2926.522   1.00943
      3000.00    3027.465   1.00947
      3100.00    3128.412   1.00952
      3200.00    3229.364   1.00955
      3300.00    3330.319   1.00959
      3400.00    3431.278   1.00963
      3500.00    3532.241   1.00966
      3600.00    3633.207   1.00969
      3700.00    3734.176   1.00972
      3800.00    3835.148   1.00974
      3900.00    3936.122   1.00976
      4000.00    4037.098   1.00978
88888
      3900.00    3927.536   1.00738
      4000.00    4028.274   1.00738
      4100.00    4129.012   1.00738

                                                                                                                                                                                                                                                                          